ID,MAC_seagrass_ag,MAC_seagrass_bg,MAC_seagrass_fr,NCS_fs1,PHY_mpb
     1,0.0000,0.0000,0.0000,0.4000,9.9975
     2,0.0000,0.0000,0.0000,0.4000,9.9507
     3,0.0000,0.0000,0.0000,0.4000,9.9365
     4,0.0000,0.0000,0.0000,0.4000,9.9678
     5,0.0000,0.0000,0.0000,0.4000,9.9982
     6,0.0000,0.0000,0.0000,0.4000,9.9641
     7,0.0000,0.0000,0.0000,0.4000,9.9704
     8,0.0000,0.0000,0.0000,0.4000,9.9908
     9,0.0000,0.0000,0.0000,0.4000,9.9732
    10,0.0000,0.0000,0.0000,0.4000,9.9868
    11,0.0000,0.0000,0.0000,0.4000,9.9756
    12,0.0000,0.0000,0.0000,0.4000,9.9435
    13,0.0000,0.0000,0.0000,0.4000,9.9789
    14,0.0000,0.0000,0.0000,0.4000,9.9605
    15,0.0000,0.0000,0.0000,0.4000,9.9477
    16,0.0000,0.0000,0.0000,0.4000,9.9493
    17,0.0000,0.0000,0.0000,0.4000,9.8868
    18,0.0000,0.0000,0.0000,0.4000,9.9241
    19,0.0000,0.0000,0.0000,0.4000,9.9494
    20,0.0000,0.0000,0.0000,0.4000,9.9628
    21,0.0000,0.0000,0.0000,0.4000,9.9525
    22,0.0000,0.0000,0.0000,0.4000,9.8489
    23,0.0000,0.0000,0.0000,0.4000,9.9005
    24,0.0000,0.0000,0.0000,0.4000,9.9696
    25,0.0000,0.0000,0.0000,0.4000,9.9622
    26,0.0000,0.0000,0.0000,0.4000,9.9465
    27,0.0000,0.0000,0.0000,0.4000,9.9560
    28,0.0000,0.0000,0.0000,0.4000,9.9683
    29,0.0000,0.0000,0.0000,0.4000,9.8418
    30,0.0000,0.0000,0.0000,0.4000,9.8231
    31,0.0000,0.0000,0.0000,0.4000,9.9371
    32,0.0000,0.0000,0.0000,0.4000,9.9744
    33,0.0000,0.0000,0.0000,0.4000,9.9654
    34,0.0000,0.0000,0.0000,0.4000,9.9527
    35,0.0000,0.0000,0.0000,0.4000,9.9314
    36,0.0000,0.0000,0.0000,0.4000,9.9380
    37,0.0000,0.0000,0.0000,0.4000,9.9709
    38,17886.9235,17886.9235,0.0000,0.0000,0.0000
    39,0.0000,0.0000,0.0000,0.4000,9.9107
    40,0.0000,0.0000,0.0000,0.4000,9.6834
    41,0.0000,0.0000,0.0000,0.4000,9.7812
    42,0.0000,0.0000,0.0000,0.4000,9.9273
    43,0.0000,0.0000,0.0000,0.4000,9.6697
    44,0.0000,0.0000,0.0000,0.4000,9.8259
    45,0.0000,0.0000,0.0000,0.4000,9.9248
    46,0.0000,0.0000,0.0000,0.4000,9.9466
    47,0.0000,0.0000,0.0000,0.4000,9.9556
    48,0.0000,0.0000,0.0000,0.4000,9.9688
    49,17885.1560,17885.1560,0.0000,0.0000,0.0000
    50,17893.0617,17893.0617,0.0000,0.0000,0.0000
    51,0.0000,0.0000,0.0000,0.4000,9.9004
    52,0.0000,0.0000,0.0000,0.4000,9.3477
    53,0.0000,0.0000,0.0000,0.4000,9.1499
    54,0.0000,0.0000,0.0000,0.4000,9.9174
    55,0.0000,0.0000,0.0000,0.4000,9.5129
    56,0.0000,0.0000,0.0000,0.4000,9.7954
    57,0.0000,0.0000,0.0000,0.4000,9.9290
    58,0.0000,0.0000,0.0000,0.4000,9.9448
    59,0.0000,0.0000,0.0000,0.4000,9.9545
    60,0.0000,0.0000,0.0000,0.4000,9.9802
    61,17882.9666,17882.9666,0.0000,0.0000,0.0000
    62,17889.6339,17889.6339,0.0000,0.0000,0.0000
    63,17894.1128,17894.1128,0.0000,0.0000,0.0000
    64,17895.3801,17895.3801,0.0000,0.0000,0.0000
    65,0.0000,0.0000,0.0000,0.4000,9.7095
    66,0.0000,0.0000,0.0000,0.4000,8.7006
    67,0.0000,0.0000,0.0000,0.4000,9.9541
    68,0.0000,0.0000,0.0000,0.4000,8.3173
    69,0.0000,0.0000,0.0000,0.4000,8.1488
    70,0.0000,0.0000,0.0000,0.4000,9.2102
    71,0.0000,0.0000,0.0000,0.4000,9.9780
    72,0.0000,0.0000,0.0000,0.4000,9.9722
    73,0.0000,0.0000,0.0000,0.4000,9.8220
    74,0.0000,0.0000,0.0000,0.4000,9.9682
    75,17890.9106,17890.9106,0.0000,0.0000,0.0000
    76,17892.8947,17892.8947,0.0000,0.0000,0.0000
    77,0.0000,0.0000,0.0000,0.4000,9.9846
    78,17891.1856,17891.1856,0.0000,0.0000,0.0000
    79,17894.7808,17894.7808,0.0000,0.0000,0.0000
    80,17896.2152,17896.2152,0.0000,0.0000,0.0000
    81,17896.1562,17896.1562,0.0000,0.0000,0.0000
    82,0.0000,0.0000,0.0000,0.4000,9.9005
    83,0.0000,0.0000,0.0000,0.4000,9.1558
    84,0.0000,0.0000,0.0000,0.4000,8.1239
    85,0.0000,0.0000,0.0000,0.4000,9.9851
    86,0.0000,0.0000,0.0000,0.4000,7.9541
    87,0.0000,0.0000,0.0000,0.4000,9.2480
    88,0.0000,0.0000,0.0000,0.4000,7.8536
    89,0.0000,0.0000,0.0000,0.4000,9.9895
    90,0.0000,0.0000,0.0000,0.4000,9.9872
    91,0.0000,0.0000,0.0000,0.4000,9.9930
    92,0.0000,0.0000,0.0000,0.4000,9.8976
    93,0.0000,0.0000,0.0000,0.4000,9.9741
    94,17894.4468,17894.4468,0.0000,0.0000,0.0000
    95,17895.2917,17895.2917,0.0000,0.0000,0.0000
    96,17895.9499,17895.9499,0.0000,0.0000,0.0000
    97,17891.7455,17891.7455,0.0000,0.0000,0.0000
    98,17891.8535,17891.8535,0.0000,0.0000,0.0000
    99,17893.1305,17893.1305,0.0000,0.0000,0.0000
   100,17896.2643,17896.2643,0.0000,0.0000,0.0000
   101,17896.1759,17896.1759,0.0000,0.0000,0.0000
   102,0.0000,0.0000,0.0000,0.4000,9.9771
   103,0.0000,0.0000,0.0000,0.4000,9.5012
   104,0.0000,0.0000,0.0000,0.4000,8.4373
   105,0.0000,0.0000,0.0000,0.4000,7.8347
   106,0.0000,0.0000,0.0000,0.4000,8.3822
   107,0.0000,0.0000,0.0000,0.4000,9.0860
   108,0.0000,0.0000,0.0000,0.4000,9.8223
   109,0.0000,0.0000,0.0000,0.4000,7.5741
   110,17890.7928,17890.7928,0.0000,0.0000,0.0000
   111,17891.8928,17891.8928,0.0000,0.0000,0.0000
   112,0.0000,0.0000,0.0000,0.4000,9.9900
   113,0.0000,0.0000,0.0000,0.4000,9.9727
   114,0.0000,0.0000,0.0000,0.4000,9.9865
   115,17893.7788,17893.7788,0.0000,0.0000,0.0000
   116,17894.0440,17894.0440,0.0000,0.0000,0.0000
   117,17891.0580,17891.0580,0.0000,0.0000,0.0000
   118,17892.7179,17892.7179,0.0000,0.0000,0.0000
   119,17895.2917,17895.2917,0.0000,0.0000,0.0000
   120,17896.1759,17896.1759,0.0000,0.0000,0.0000
   121,17886.4914,17886.4914,0.0000,0.0000,0.0000
   122,17896.1759,17896.1759,0.0000,0.0000,0.0000
   123,0.0000,0.0000,0.0000,0.4000,9.9686
   124,0.0000,0.0000,0.0000,0.4000,9.5815
   125,0.0000,0.0000,0.0000,0.4000,8.6468
   126,0.0000,0.0000,0.0000,0.4000,8.0158
   127,0.0000,0.0000,0.0000,0.4000,7.6217
   128,0.0000,0.0000,0.0000,0.4000,9.4891
   129,0.0000,0.0000,0.0000,0.4000,7.9320
   130,0.0000,0.0000,0.0000,0.4000,8.2093
   131,0.0000,0.0000,0.0000,0.4000,9.7938
   132,0.0000,0.0000,0.0000,0.4000,9.9591
   133,0.0000,0.0000,0.0000,0.4000,8.0564
   134,0.0000,0.0000,0.0000,0.4000,7.6690
   135,17882.1911,17882.1911,0.0000,0.0000,0.0000
   136,0.0000,0.0000,0.0000,0.4000,9.9783
   137,0.0000,0.0000,0.0000,0.4000,9.9476
   138,17889.0053,17889.0053,0.0000,0.0000,0.0000
   139,17888.2982,17888.2982,0.0000,0.0000,0.0000
   140,17892.1679,17892.1679,0.0000,0.0000,0.0000
   141,17885.5979,17885.5979,0.0000,0.0000,0.0000
   142,17876.4294,17876.4294,0.0000,0.0000,0.0000
   143,17876.6944,17876.6944,0.0000,0.0000,0.0000
   144,17895.7731,17895.7731,0.0000,0.0000,0.0000
   145,17896.1562,17896.1562,0.0000,0.0000,0.0000
   146,17863.3917,17863.3917,0.0000,0.0000,0.0000
   147,17859.9401,17859.9401,0.0000,0.0000,0.0000
   148,0.0000,0.0000,0.0000,0.4000,9.9050
   149,0.0000,0.0000,0.0000,0.4000,9.4019
   150,0.0000,0.0000,0.0000,0.4000,8.7631
   151,0.0000,0.0000,0.0000,0.4000,8.4886
   152,0.0000,0.0000,0.0000,0.4000,8.2912
   153,0.0000,0.0000,0.0000,0.4000,8.7206
   154,0.0000,0.0000,0.0000,0.4000,7.9125
   155,0.0000,0.0000,0.0000,0.4000,8.2291
   156,0.0000,0.0000,0.0000,0.4000,7.9750
   157,0.0000,0.0000,0.0000,0.4000,9.6077
   158,0.0000,0.0000,0.0000,0.4000,9.0628
   159,0.0000,0.0000,0.0000,0.4000,8.4416
   160,0.0000,0.0000,0.0000,0.4000,8.8342
   161,0.0000,0.0000,0.0000,0.4000,8.9786
   162,0.0000,0.0000,0.0000,0.4000,9.6327
   163,0.0000,0.0000,0.0000,0.4000,9.2602
   164,0.0000,0.0000,0.0000,0.4000,9.8824
   165,17811.6094,17811.6094,0.0000,0.0000,0.0000
   166,0.0000,0.0000,0.0000,0.4000,9.6313
   167,0.0000,0.0000,0.0000,0.4000,8.7095
   168,17878.1175,17878.1175,0.0000,0.0000,0.0000
   169,17869.5807,17869.5807,0.0000,0.0000,0.0000
   170,0.0000,0.0000,0.0000,0.4000,9.9189
   171,0.0000,0.0000,0.0000,0.4000,9.9197
   172,17882.8292,17882.8292,0.0000,0.0000,0.0000
   173,17894.5058,17894.5058,0.0000,0.0000,0.0000
   174,17833.0757,17833.0757,0.0000,0.0000,0.0000
   175,17849.7657,17849.7657,0.0000,0.0000,0.0000
   176,0.0000,0.0000,0.0000,0.4000,9.9467
   177,17896.1464,17896.1464,0.0000,0.0000,0.0000
   178,0.0000,0.0000,0.0000,0.4000,9.8439
   179,0.0000,0.0000,0.0000,0.4000,9.7471
   180,0.0000,0.0000,0.0000,0.4000,9.1921
   181,0.0000,0.0000,0.0000,0.4000,8.9758
   182,0.0000,0.0000,0.0000,0.4000,9.9243
   183,0.0000,0.0000,0.0000,0.4000,9.7093
   184,0.0000,0.0000,0.0000,0.4000,8.7533
   185,0.0000,0.0000,0.0000,0.4000,7.2522
   186,0.0000,0.0000,0.0000,0.4000,9.7345
   187,0.0000,0.0000,0.0000,0.4000,9.8857
   188,0.0000,0.0000,0.0000,0.4000,9.8606
   189,0.0000,0.0000,0.0000,0.4000,9.5602
   190,0.0000,0.0000,0.0000,0.4000,9.8530
   191,0.0000,0.0000,0.0000,0.4000,9.7238
   192,0.0000,0.0000,0.0000,0.4000,9.8068
   193,0.0000,0.0000,0.0000,0.4000,9.9531
   194,0.0000,0.0000,0.0000,0.4000,9.9828
   195,0.0000,0.0000,0.0000,0.4000,7.9715
   196,0.0000,0.0000,0.0000,0.4000,8.8043
   197,0.0000,0.0000,0.0000,0.4000,7.3056
   198,0.0000,0.0000,0.0000,0.4000,5.4885
   199,0.0000,0.0000,0.0000,0.4000,9.9331
   200,17873.9075,17873.9075,0.0000,0.0000,0.0000
   201,0.0000,0.0000,0.0000,0.4000,8.8327
   202,0.0000,0.0000,0.0000,0.4000,9.3701
   203,0.0000,0.0000,0.0000,0.4000,9.8023
   204,0.0000,0.0000,0.0000,0.4000,9.2680
   205,0.0000,0.0000,0.0000,0.4000,8.9193
   206,0.0000,0.0000,0.0000,0.4000,9.7721
   207,17893.2385,17893.2385,0.0000,0.0000,0.0000
   208,17896.0776,17896.0776,0.0000,0.0000,0.0000
   209,0.0000,0.0000,0.0000,0.4000,9.8813
   210,0.0000,0.0000,0.0000,0.4000,9.8480
   211,0.0000,0.0000,0.0000,0.4000,9.8255
   212,0.0000,0.0000,0.0000,0.4000,9.6822
   213,0.0000,0.0000,0.0000,0.4000,8.1658
   214,17883.5066,17883.5066,0.0000,0.0000,0.0000
   215,17872.6515,17872.6515,0.0000,0.0000,0.0000
   216,17888.0135,17888.0135,0.0000,0.0000,0.0000
   217,17811.3161,17811.3161,0.0000,0.0000,0.0000
   218,17369.5513,17369.5513,0.0000,0.0000,0.0000
   219,0.0000,0.0000,0.0000,0.4000,8.8694
   220,0.0000,0.0000,0.0000,0.4000,8.3167
   221,17891.5589,17891.5589,0.0000,0.0000,0.0000
   222,17892.3643,17892.3643,0.0000,0.0000,0.0000
   223,17891.1071,17891.1071,0.0000,0.0000,0.0000
   224,17892.5902,17892.5902,0.0000,0.0000,0.0000
   225,0.0000,0.0000,0.0000,0.4000,2.8694
   226,0.0000,0.0000,0.0000,0.4000,2.6912
   227,0.0000,0.0000,0.0000,0.4000,7.0381
   228,0.0000,0.0000,0.0000,0.4000,3.0344
   229,0.0000,0.0000,0.0000,0.4000,9.9653
   230,17892.6197,17892.6197,0.0000,0.0000,0.0000
   231,0.0000,0.0000,0.0000,0.4000,4.6566
   232,0.0000,0.0000,0.0000,0.4000,5.9176
   233,0.0000,0.0000,0.0000,0.4000,7.9100
   234,0.0000,0.0000,0.0000,0.4000,4.2148
   235,0.0000,0.0000,0.0000,0.4000,4.8323
   236,0.0000,0.0000,0.0000,0.4000,9.1002
   237,0.0000,0.0000,0.0000,0.4000,9.9298
   238,17895.9990,17895.9990,0.0000,0.0000,0.0000
   239,0.0000,0.0000,0.0000,0.4000,8.7841
   240,0.0000,0.0000,0.0000,0.4000,9.4478
   241,0.0000,0.0000,0.0000,0.4000,8.4713
   242,0.0000,0.0000,0.0000,0.4000,5.5276
   243,0.0000,0.0000,0.0000,0.4000,4.5275
   244,17890.1249,17890.1249,0.0000,0.0000,0.0000
   245,17889.3687,17889.3687,0.0000,0.0000,0.0000
   246,17874.3392,17874.3392,0.0000,0.0000,0.0000
   247,17849.9910,17849.9910,0.0000,0.0000,0.0000
   248,17674.2399,17674.2399,0.0000,0.0000,0.0000
   249,0.0000,0.0000,0.0000,0.4000,9.4836
   250,0.0000,0.0000,0.0000,0.4000,9.1578
   251,0.0000,0.0000,0.0000,0.4000,7.0391
   252,17884.3018,17884.3018,0.0000,0.0000,0.0000
   253,17883.9975,17883.9975,0.0000,0.0000,0.0000
   254,0.0000,0.0000,0.0000,0.4000,9.7722
   255,17890.8321,17890.8321,0.0000,0.0000,0.0000
   256,0.0000,0.0000,0.0000,0.4000,9.9835
   257,17842.0456,17842.0456,0.0000,0.0000,0.0000
   258,0.0000,0.0000,0.0000,0.4000,2.3381
   259,17890.3410,17890.3410,0.0000,0.0000,0.0000
   260,17895.7829,17895.7829,0.0000,0.0000,0.0000
   261,0.0000,0.0000,0.0000,0.4000,2.6359
   262,0.0000,0.0000,0.0000,0.4000,1.8670
   263,0.0000,0.0000,0.0000,0.4000,2.7082
   264,0.0000,0.0000,0.0000,0.4000,2.3833
   265,0.0000,0.0000,0.0000,0.4000,4.6567
   266,0.0000,0.0000,0.0000,0.4000,8.2308
   267,0.0000,0.0000,0.0000,0.4000,4.4786
   268,0.0000,0.0000,0.0000,0.4000,9.8054
   269,0.0000,0.0000,0.0000,0.4000,9.9767
   270,0.0000,0.0000,0.0000,0.4000,5.3413
   271,0.0000,0.0000,0.0000,0.4000,7.4371
   272,0.0000,0.0000,0.0000,0.4000,5.0089
   273,0.0000,0.0000,0.0000,0.4000,5.2366
   274,0.0000,0.0000,0.0000,0.4000,2.1725
   275,17843.8480,17843.8480,0.0000,0.0000,0.0000
   276,0.0000,0.0000,0.0000,0.4000,9.6881
   277,0.0000,0.0000,0.0000,0.4000,9.8595
   278,0.0000,0.0000,0.0000,0.4000,9.6533
   279,0.0000,0.0000,0.0000,0.4000,9.5554
   280,0.0000,0.0000,0.0000,0.4000,9.2657
   281,0.0000,0.0000,0.0000,0.4000,8.4772
   282,0.0000,0.0000,0.0000,0.4000,5.3802
   283,0.0000,0.0000,0.0000,0.4000,2.6101
   284,0.0000,0.0000,0.0000,0.4000,8.9673
   285,0.0000,0.0000,0.0000,0.4000,6.4292
   286,0.0000,0.0000,0.0000,0.4000,5.9354
   287,0.0000,0.0000,0.0000,0.4000,1.0771
   288,0.0000,0.0000,0.0000,0.4000,1.0549
   289,0.0000,0.0000,0.0000,0.4000,9.9142
   290,17889.1035,17889.1035,0.0000,0.0000,0.0000
   291,0.0000,0.0000,0.0000,0.4000,2.4097
   292,0.0000,0.0000,0.0000,0.4000,4.3237
   293,0.0000,0.0000,0.0000,0.4000,1.2471
   294,0.0000,0.0000,0.0000,0.4000,7.5473
   295,0.0000,0.0000,0.0000,0.4000,7.1919
   296,0.0000,0.0000,0.0000,0.4000,1.8524
   297,0.0000,0.0000,0.0000,0.4000,7.8065
   298,0.0000,0.0000,0.0000,0.4000,9.4041
   299,0.0000,0.0000,0.0000,0.4000,9.8793
   300,0.0000,0.0000,0.0000,0.4000,9.9250
   301,0.0000,0.0000,0.0000,0.4000,2.7936
   302,0.0000,0.0000,0.0000,0.4000,1.6540
   303,0.0000,0.0000,0.0000,0.4000,1.2393
   304,0.0000,0.0000,0.0000,0.4000,1.8242
   305,0.0000,0.0000,0.0000,0.4000,7.3920
   306,0.0000,0.0000,0.0000,0.4000,1.9112
   307,0.0000,0.0000,0.0000,0.4000,9.3190
   308,0.0000,0.0000,0.0000,0.4000,6.7287
   309,0.0000,0.0000,0.0000,0.4000,8.9912
   310,0.0000,0.0000,0.0000,0.4000,8.2415
   311,0.0000,0.0000,0.0000,0.4000,7.3807
   312,0.0000,0.0000,0.0000,0.4000,5.2132
   313,0.0000,0.0000,0.0000,0.4000,4.0053
   314,0.0000,0.0000,0.0000,0.4000,2.3053
   315,0.0000,0.0000,0.0000,0.4000,4.5823
   316,17694.6858,17694.6858,0.0000,0.0000,0.0000
   317,0.0000,0.0000,0.0000,0.4000,1.6069
   318,0.0000,0.0000,0.0000,0.4000,2.3836
   319,0.0000,0.0000,0.0000,0.4000,1.1572
   320,0.0000,0.0000,0.0000,0.4000,1.6078
   321,10422.9043,10422.9043,0.0000,0.0000,0.0000
   322,0.0000,0.0000,0.0000,0.4000,4.2715
   323,16237.2585,16237.2585,0.0000,0.0000,0.0000
   324,0.0000,0.0000,0.0000,0.4000,1.5219
   325,0.0000,0.0000,0.0000,0.4000,2.2448
   326,0.0000,0.0000,0.0000,0.4000,9.3906
   327,0.0000,0.0000,0.0000,0.4000,8.6988
   328,0.0000,0.0000,0.0000,0.4000,8.2741
   329,0.0000,0.0000,0.0000,0.4000,8.8512
   330,0.0000,0.0000,0.0000,0.4000,9.5729
   331,0.0000,0.0000,0.0000,0.4000,9.7374
   332,0.0000,0.0000,0.0000,0.4000,0.8638
   333,0.0000,0.0000,0.0000,0.4000,1.1940
   334,0.0000,0.0000,0.0000,0.4000,1.8970
   335,0.0000,0.0000,0.0000,0.4000,1.0362
   336,0.0000,0.0000,0.0000,0.4000,6.4302
   337,0.0000,0.0000,0.0000,0.4000,5.6894
   338,0.0000,0.0000,0.0000,0.4000,1.7988
   339,0.0000,0.0000,0.0000,0.4000,1.4981
   340,0.0000,0.0000,0.0000,0.4000,7.1888
   341,0.0000,0.0000,0.0000,0.4000,2.3504
   342,0.0000,0.0000,0.0000,0.4000,7.6122
   343,0.0000,0.0000,0.0000,0.4000,4.6835
   344,0.0000,0.0000,0.0000,0.4000,2.9784
   345,0.0000,0.0000,0.0000,0.4000,3.7452
   346,17819.7859,17819.7859,0.0000,0.0000,0.0000
   347,15475.3794,15475.3794,0.0000,0.0000,0.0000
   348,0.0000,0.0000,0.0000,0.4000,3.8943
   349,0.0000,0.0000,0.0000,0.4000,4.9947
   350,0.0000,0.0000,0.0000,0.4000,1.5794
   351,0.0000,0.0000,0.0000,0.4000,2.6247
   352,0.0000,0.0000,0.0000,0.4000,7.2963
   353,0.0000,0.0000,0.0000,0.4000,7.8497
   354,16941.8681,16941.8681,0.0000,0.0000,0.0000
   355,0.0000,0.0000,0.0000,0.4000,9.3394
   356,0.0000,0.0000,0.0000,0.4000,9.3882
   357,0.0000,0.0000,0.0000,0.4000,8.7857
   358,0.0000,0.0000,0.0000,0.4000,9.4075
   359,0.0000,0.0000,0.0000,0.4000,9.0269
   360,0.0000,0.0000,0.0000,0.4000,9.5181
   361,0.0000,0.0000,0.0000,0.4000,9.6636
   362,0.0000,0.0000,0.0000,0.4000,9.6790
   363,0.0000,0.0000,0.0000,0.4000,0.5079
   364,0.0000,0.0000,0.0000,0.4000,0.4602
   365,0.0000,0.0000,0.0000,0.4000,0.6444
   366,0.0000,0.0000,0.0000,0.4000,3.1060
   367,0.0000,0.0000,0.0000,0.4000,0.8923
   368,16882.8835,16882.8835,0.0000,0.0000,0.0000
   369,17468.7838,17468.7838,0.0000,0.0000,0.0000
   370,0.0000,0.0000,0.0000,0.4000,6.2779
   371,0.0000,0.0000,0.0000,0.4000,0.5660
   372,0.0000,0.0000,0.0000,0.4000,0.1053
   373,0.0000,0.0000,0.0000,0.4000,3.3028
   374,0.0000,0.0000,0.0000,0.4000,0.2790
   375,0.0000,0.0000,0.0000,0.4000,2.1111
   376,0.0000,0.0000,0.0000,0.4000,0.9433
   377,0.0000,0.0000,0.0000,0.4000,0.0850
   378,0.0000,0.0000,0.0000,0.4000,0.0813
   379,0.0000,0.0000,0.0000,0.4000,0.2332
   380,0.0000,0.0000,0.0000,0.4000,0.0591
   381,0.0000,0.0000,0.0000,0.4000,9.9566
   382,0.0000,0.0000,0.0000,0.4000,3.5095
   383,0.0000,0.0000,0.0000,0.4000,2.7752
   384,0.0000,0.0000,0.0000,0.4000,2.2566
   385,0.0000,0.0000,0.0000,0.4000,0.1391
   386,0.0000,0.0000,0.0000,0.4000,0.0226
   387,0.0000,0.0000,0.0000,0.4000,5.6244
   388,0.0000,0.0000,0.0000,0.4000,9.9668
   389,0.0000,0.0000,0.0000,0.4000,9.8254
   390,17608.9350,17608.9350,0.0000,0.0000,0.0000
   391,0.0000,0.0000,0.0000,0.4000,9.4979
   392,0.0000,0.0000,0.0000,0.4000,9.2991
   393,0.0000,0.0000,0.0000,0.4000,9.5911
   394,0.0000,0.0000,0.0000,0.4000,9.7052
   395,0.0000,0.0000,0.0000,0.4000,9.8572
   396,0.0000,0.0000,0.0000,0.4000,9.8090
   397,0.0000,0.0000,0.0000,0.4000,9.8659
   398,0.0000,0.0000,0.0000,0.4000,0.2762
   399,0.0000,0.0000,0.0000,0.4000,0.6280
   400,0.0000,0.0000,0.0000,0.4000,0.1869
   401,0.0000,0.0000,0.0000,0.4000,6.0425
   402,0.0000,0.0000,0.0000,0.4000,7.6014
   403,0.0000,0.0000,0.0000,0.4000,8.9574
   404,0.0000,0.0000,0.0000,0.4000,8.9984
   405,17504.6680,17504.6680,0.0000,0.0000,0.0000
   406,15620.6874,15620.6874,0.0000,0.0000,0.0000
   407,17817.5067,17817.5067,0.0000,0.0000,0.0000
   408,17485.5071,17485.5071,0.0000,0.0000,0.0000
   409,0.0000,0.0000,0.0000,0.4000,0.1085
   410,0.0000,0.0000,0.0000,0.4000,0.1494
   411,0.0000,0.0000,0.0000,0.4000,0.1047
   412,0.0000,0.0000,0.0000,0.4000,0.6596
   413,0.0000,0.0000,0.0000,0.4000,0.1365
   414,3496.6574,3496.6574,0.0000,0.0000,0.0000
   415,17376.4087,17376.4087,0.0000,0.0000,0.0000
   416,0.0000,0.0000,0.0000,0.4000,3.5969
   417,8694.4611,8694.4611,0.0000,0.0000,0.0000
   418,17438.4482,17438.4482,0.0000,0.0000,0.0000
   419,0.0000,0.0000,0.0000,0.4000,1.7355
   420,0.0000,0.0000,0.0000,0.4000,0.5391
   421,0.0000,0.0000,0.0000,0.4000,1.6752
   422,0.0000,0.0000,0.0000,0.4000,1.7984
   423,0.0000,0.0000,0.0000,0.4000,0.0286
   424,0.0000,0.0000,0.0000,0.4000,5.5591
   425,0.0000,0.0000,0.0000,0.4000,0.0184
   426,0.0000,0.0000,0.0000,0.4000,0.1920
   427,0.0000,0.0000,0.0000,0.4000,9.6273
   428,0.0000,0.0000,0.0000,0.4000,9.9476
   429,0.0000,0.0000,0.0000,0.4000,9.4839
   430,0.0000,0.0000,0.0000,0.4000,9.8446
   431,0.0000,0.0000,0.0000,0.4000,9.4701
   432,0.0000,0.0000,0.0000,0.4000,9.5657
   433,0.0000,0.0000,0.0000,0.4000,9.9386
   434,0.0000,0.0000,0.0000,0.4000,9.6511
   435,0.0000,0.0000,0.0000,0.4000,9.9155
   436,0.0000,0.0000,0.0000,0.4000,9.9783
   437,0.0000,0.0000,0.0000,0.4000,6.8892
   438,17871.4742,17871.4742,0.0000,0.0000,0.0000
   439,17840.0182,17840.0182,0.0000,0.0000,0.0000
   440,17828.0640,17828.0640,0.0000,0.0000,0.0000
   441,0.0000,0.0000,0.0000,0.4000,6.9785
   442,0.0000,0.0000,0.0000,0.4000,6.7879
   443,0.0000,0.0000,0.0000,0.4000,7.7346
   444,17524.6483,17524.6483,0.0000,0.0000,0.0000
   445,17878.2451,17878.2451,0.0000,0.0000,0.0000
   446,0.0000,0.0000,0.0000,0.4000,9.9839
   447,0.0000,0.0000,0.0000,0.4000,9.9937
   448,17875.1635,17875.1635,0.0000,0.0000,0.0000
   449,17892.9831,17892.9831,0.0000,0.0000,0.0000
   450,0.0000,0.0000,0.0000,0.4000,1.7797
   451,0.0000,0.0000,0.0000,0.4000,0.2741
   452,0.0000,0.0000,0.0000,0.4000,5.0384
   453,0.0000,0.0000,0.0000,0.4000,2.5497
   454,0.0000,0.0000,0.0000,0.4000,0.0181
   455,0.0000,0.0000,0.0000,0.4000,7.4738
   456,0.0000,0.0000,0.0000,0.4000,0.0157
   457,0.0000,0.0000,0.0000,0.4000,9.6517
   458,0.0000,0.0000,0.0000,0.4000,0.0388
   459,0.0000,0.0000,0.0000,0.4000,0.1812
   460,0.0000,0.0000,0.0000,0.4000,0.9850
   461,0.0000,0.0000,0.0000,0.4000,7.1113
   462,0.0000,0.0000,0.0000,0.4000,9.8802
   463,0.0000,0.0000,0.0000,0.4000,9.9660
   464,0.0000,0.0000,0.0000,0.4000,9.7473
   465,0.0000,0.0000,0.0000,0.4000,9.6476
   466,0.0000,0.0000,0.0000,0.4000,9.9852
   467,0.0000,0.0000,0.0000,0.4000,9.7307
   468,0.0000,0.0000,0.0000,0.4000,9.9485
   469,0.0000,0.0000,0.0000,0.4000,9.9886
   470,0.0000,0.0000,0.0000,0.4000,9.9060
   471,0.0000,0.0000,0.0000,0.4000,9.7536
   472,17884.2135,17884.2135,0.0000,0.0000,0.0000
   473,0.0000,0.0000,0.0000,0.4000,9.9944
   474,17891.9321,17891.9321,0.0000,0.0000,0.0000
   475,17892.0107,17892.0107,0.0000,0.0000,0.0000
   476,0.0000,0.0000,0.0000,0.4000,0.1186
   477,0.0000,0.0000,0.0000,0.4000,0.0137
   478,0.0000,0.0000,0.0000,0.4000,4.7452
   479,0.0000,0.0000,0.0000,0.4000,3.6899
   480,0.0000,0.0000,0.0000,0.4000,7.6438
   481,0.0000,0.0000,0.0000,0.4000,1.3811
   482,0.0000,0.0000,0.0000,0.4000,0.0541
   483,0.0000,0.0000,0.0000,0.4000,0.0136
   484,0.0000,0.0000,0.0000,0.4000,0.0371
   485,0.0000,0.0000,0.0000,0.4000,0.5036
   486,0.0000,0.0000,0.0000,0.4000,6.1441
   487,0.0000,0.0000,0.0000,0.4000,8.9270
   488,0.0000,0.0000,0.0000,0.4000,9.8721
   489,0.0000,0.0000,0.0000,0.4000,9.8697
   490,0.0000,0.0000,0.0000,0.4000,5.0689
   491,0.0000,0.0000,0.0000,0.4000,1.0275
   492,0.0000,0.0000,0.0000,0.4000,9.9678
   493,0.0000,0.0000,0.0000,0.4000,9.7625
   494,0.0000,0.0000,0.0000,0.4000,9.4493
   495,0.0000,0.0000,0.0000,0.4000,9.3322
   496,0.0000,0.0000,0.0000,0.4000,9.8070
   497,0.0000,0.0000,0.0000,0.4000,9.9559
   498,17879.3640,17879.3640,0.0000,0.0000,0.0000
   499,17891.9125,17891.9125,0.0000,0.0000,0.0000
   500,17892.8162,17892.8162,0.0000,0.0000,0.0000
   501,0.0000,0.0000,0.0000,0.4000,0.0141
   502,0.0000,0.0000,0.0000,0.4000,0.0144
   503,0.0000,0.0000,0.0000,0.4000,0.2919
   504,0.0000,0.0000,0.0000,0.4000,1.0013
   505,0.0000,0.0000,0.0000,0.4000,0.0914
   506,0.0000,0.0000,0.0000,0.4000,0.0260
   507,0.0000,0.0000,0.0000,0.4000,0.0144
   508,0.0000,0.0000,0.0000,0.4000,0.0241
   509,0.0000,0.0000,0.0000,0.4000,0.0460
   510,0.0000,0.0000,0.0000,0.4000,0.8578
   511,0.0000,0.0000,0.0000,0.4000,9.1587
   512,0.0000,0.0000,0.0000,0.4000,9.8089
   513,0.0000,0.0000,0.0000,0.4000,2.2533
   514,0.0000,0.0000,0.0000,0.4000,9.9358
   515,17881.2683,17881.2683,0.0000,0.0000,0.0000
   516,17761.4788,17761.4788,0.0000,0.0000,0.0000
   517,11896.9845,11896.9845,0.0000,0.0000,0.0000
   518,2910.5769,2910.5769,0.0000,0.0000,0.0000
   519,0.0000,0.0000,0.0000,0.4000,0.0256
   520,0.0000,0.0000,0.0000,0.4000,9.9366
   521,0.0000,0.0000,0.0000,0.4000,9.8903
   522,0.0000,0.0000,0.0000,0.4000,9.2728
   523,0.0000,0.0000,0.0000,0.4000,9.3633
   524,17893.0912,17893.0912,0.0000,0.0000,0.0000
   525,17895.1148,17895.1148,0.0000,0.0000,0.0000
   526,0.0000,0.0000,0.0000,0.4000,0.0139
   527,0.0000,0.0000,0.0000,0.4000,0.0271
   528,0.0000,0.0000,0.0000,0.4000,0.0274
   529,0.0000,0.0000,0.0000,0.4000,0.0127
   530,0.0000,0.0000,0.0000,0.4000,0.0126
   531,0.0000,0.0000,0.0000,0.4000,0.0126
   532,0.0000,0.0000,0.0000,0.4000,0.0128
   533,0.0000,0.0000,0.0000,0.4000,0.0140
   534,0.0000,0.0000,0.0000,0.4000,9.3820
   535,0.0000,0.0000,0.0000,0.4000,9.9292
   536,0.0000,0.0000,0.0000,0.4000,2.2708
   537,0.0000,0.0000,0.0000,0.4000,9.9738
   538,0.0000,0.0000,0.0000,0.4000,0.0385
   539,17888.0135,17888.0135,0.0000,0.0000,0.0000
   540,17894.0146,17894.0146,0.0000,0.0000,0.0000
   541,0.0000,0.0000,0.0000,0.4000,9.3839
   542,0.0000,0.0000,0.0000,0.4000,0.0207
   543,0.0000,0.0000,0.0000,0.4000,0.0225
   544,0.0000,0.0000,0.0000,0.4000,0.0119
   545,17895.5078,17895.5078,0.0000,0.0000,0.0000
   546,0.0000,0.0000,0.0000,0.4000,0.0166
   547,0.0000,0.0000,0.0000,0.4000,0.0106
   548,0.0000,0.0000,0.0000,0.4000,0.0109
   549,0.0000,0.0000,0.0000,0.4000,0.0115
   550,0.0000,0.0000,0.0000,0.4000,0.0135
   551,0.0000,0.0000,0.0000,0.4000,0.0152
   552,0.0000,0.0000,0.0000,0.4000,0.0219
   553,0.0000,0.0000,0.0000,0.4000,9.1193
   554,0.0000,0.0000,0.0000,0.4000,9.9337
   555,0.0000,0.0000,0.0000,0.4000,2.0400
   556,0.0000,0.0000,0.0000,0.4000,9.9841
   557,0.0000,0.0000,0.0000,0.4000,9.9843
   558,0.0000,0.0000,0.0000,0.4000,0.0780
   559,0.0000,0.0000,0.0000,0.4000,9.9913
   560,17894.4370,17894.4370,0.0000,0.0000,0.0000
   561,17895.8418,17895.8418,0.0000,0.0000,0.0000
   562,0.0000,0.0000,0.0000,0.4000,5.6759
   563,0.0000,0.0000,0.0000,0.4000,0.0106
   564,0.0000,0.0000,0.0000,0.4000,0.0107
   565,0.0000,0.0000,0.0000,0.4000,0.0105
   566,0.0000,0.0000,0.0000,0.4000,0.0108
   567,0.0000,0.0000,0.0000,0.4000,0.0106
   568,0.0000,0.0000,0.0000,0.4000,0.0115
   569,0.0000,0.0000,0.0000,0.4000,0.0113
   570,0.0000,0.0000,0.0000,0.4000,0.0214
   571,0.0000,0.0000,0.0000,0.4000,0.2455
   572,0.0000,0.0000,0.0000,0.4000,0.0234
   573,0.0000,0.0000,0.0000,0.4000,0.0902
   574,0.0000,0.0000,0.0000,0.4000,0.0384
   575,0.0000,0.0000,0.0000,0.4000,0.1115
   576,0.0000,0.0000,0.0000,0.4000,0.4093
   577,0.0000,0.0000,0.0000,0.4000,9.3520
   578,17846.1305,17846.1305,0.0000,0.0000,0.0000
   579,0.0000,0.0000,0.0000,0.4000,9.9550
   580,0.0000,0.0000,0.0000,0.4000,3.0782
   581,0.0000,0.0000,0.0000,0.4000,9.0665
   582,17887.1493,17887.1493,0.0000,0.0000,0.0000
   583,17892.0402,17892.0402,0.0000,0.0000,0.0000
   584,17892.7572,17892.7572,0.0000,0.0000,0.0000
   585,17894.7317,17894.7317,0.0000,0.0000,0.0000
   586,17896.0187,17896.0187,0.0000,0.0000,0.0000
   587,0.0000,0.0000,0.0000,0.4000,0.4624
   588,0.0000,0.0000,0.0000,0.4000,0.0105
   589,0.0000,0.0000,0.0000,0.4000,9.3965
   590,0.0000,0.0000,0.0000,0.4000,0.0107
   591,0.0000,0.0000,0.0000,0.4000,0.0125
   592,0.0000,0.0000,0.0000,0.4000,0.0271
   593,0.0000,0.0000,0.0000,0.4000,0.0252
   594,0.0000,0.0000,0.0000,0.4000,0.0444
   595,0.0000,0.0000,0.0000,0.4000,0.0171
   596,0.0000,0.0000,0.0000,0.4000,0.0597
   597,0.0000,0.0000,0.0000,0.4000,0.6876
   598,0.0000,0.0000,0.0000,0.4000,2.9823
   599,0.0000,0.0000,0.0000,0.4000,4.8663
   600,0.0000,0.0000,0.0000,0.4000,4.1581
   601,0.0000,0.0000,0.0000,0.4000,7.6293
   602,0.0000,0.0000,0.0000,0.4000,9.2901
   603,0.0000,0.0000,0.0000,0.4000,4.1555
   604,0.0000,0.0000,0.0000,0.4000,4.4868
   605,0.0000,0.0000,0.0000,0.4000,5.4386
   606,17831.2940,17831.2940,0.0000,0.0000,0.0000
   607,17890.6946,17890.6946,0.0000,0.0000,0.0000
   608,17882.9372,17882.9372,0.0000,0.0000,0.0000
   609,17892.1679,17892.1679,0.0000,0.0000,0.0000
   610,0.0000,0.0000,0.0000,0.4000,9.1000
   611,17853.3427,17853.3427,0.0000,0.0000,0.0000
   612,17892.1679,17892.1679,0.0000,0.0000,0.0000
   613,17894.5058,17894.5058,0.0000,0.0000,0.0000
   614,17893.4448,17893.4448,0.0000,0.0000,0.0000
   615,17895.9401,17895.9401,0.0000,0.0000,0.0000
   616,17240.9474,17240.9474,0.0000,0.0000,0.0000
   617,0.0000,0.0000,0.0000,0.4000,0.0245
   618,0.0000,0.0000,0.0000,0.4000,0.0109
   619,0.0000,0.0000,0.0000,0.4000,0.0136
   620,0.0000,0.0000,0.0000,0.4000,0.2163
   621,0.0000,0.0000,0.0000,0.4000,0.1176
   622,0.0000,0.0000,0.0000,0.4000,0.0129
   623,0.0000,0.0000,0.0000,0.4000,0.0314
   624,0.0000,0.0000,0.0000,0.4000,0.3919
   625,0.0000,0.0000,0.0000,0.4000,0.3189
   626,0.0000,0.0000,0.0000,0.4000,0.3592
   627,0.0000,0.0000,0.0000,0.4000,4.8491
   628,17433.5378,17433.5378,0.0000,0.0000,0.0000
   629,0.0000,0.0000,0.0000,0.4000,1.2139
   630,17570.0010,17570.0010,0.0000,0.0000,0.0000
   631,17426.5239,17426.5239,0.0000,0.0000,0.0000
   632,17867.4128,17867.4128,0.0000,0.0000,0.0000
   633,17859.3322,17859.3322,0.0000,0.0000,0.0000
   634,17877.0183,17877.0183,0.0000,0.0000,0.0000
   635,17277.9191,17277.9191,0.0000,0.0000,0.0000
   636,17461.1518,17461.1518,0.0000,0.0000,0.0000
   637,17891.3232,17891.3232,0.0000,0.0000,0.0000
   638,0.0000,0.0000,0.0000,0.4000,9.9929
   639,17891.6375,17891.6375,0.0000,0.0000,0.0000
   640,17891.7160,17891.7160,0.0000,0.0000,0.0000
   641,17863.7643,17863.7643,0.0000,0.0000,0.0000
   642,0.0000,0.0000,0.0000,0.4000,9.9935
   643,17892.5215,17892.5215,0.0000,0.0000,0.0000
   644,17893.5529,17893.5529,0.0000,0.0000,0.0000
   645,17896.1464,17896.1464,0.0000,0.0000,0.0000
   646,17896.0383,17896.0383,0.0000,0.0000,0.0000
   647,17896.7850,17896.7850,0.0000,0.0000,0.0000
   648,0.0000,0.0000,0.0000,0.4000,9.7829
   649,0.0000,0.0000,0.0000,0.4000,0.1507
   650,0.0000,0.0000,0.0000,0.4000,0.0104
   651,0.0000,0.0000,0.0000,0.4000,0.0103
   652,0.0000,0.0000,0.0000,0.4000,0.1488
   653,0.0000,0.0000,0.0000,0.4000,0.0859
   654,0.0000,0.0000,0.0000,0.4000,0.2250
   655,0.0000,0.0000,0.0000,0.4000,0.0223
   656,0.0000,0.0000,0.0000,0.4000,0.0101
   657,0.0000,0.0000,0.0000,0.4000,0.0109
   658,17756.4872,17756.4872,0.0000,0.0000,0.0000
   659,17564.0796,17564.0796,0.0000,0.0000,0.0000
   660,17895.7436,17895.7436,0.0000,0.0000,0.0000
   661,17894.5352,17894.5352,0.0000,0.0000,0.0000
   662,0.0000,0.0000,0.0000,0.4000,8.3929
   663,17865.3041,17865.3041,0.0000,0.0000,0.0000
   664,17862.2247,17862.2247,0.0000,0.0000,0.0000
   665,17894.2110,17894.2110,0.0000,0.0000,0.0000
   666,17894.0539,17894.0539,0.0000,0.0000,0.0000
   667,17892.7769,17892.7769,0.0000,0.0000,0.0000
   668,17892.8260,17892.8260,0.0000,0.0000,0.0000
   669,0.0000,0.0000,0.0000,0.4000,9.9936
   670,17893.2287,17893.2287,0.0000,0.0000,0.0000
   671,0.0000,0.0000,0.0000,0.4000,9.9934
   672,17892.3152,17892.3152,0.0000,0.0000,0.0000
   673,0.0000,0.0000,0.0000,0.4000,9.9958
   674,0.0000,0.0000,0.0000,0.4000,9.9953
   675,0.0000,0.0000,0.0000,0.4000,9.9952
   676,0.0000,0.0000,0.0000,0.4000,9.9975
   677,17896.8341,17896.8341,0.0000,0.0000,0.0000
   678,0.0000,0.0000,0.0000,0.4000,3.8649
   679,0.0000,0.0000,0.0000,0.4000,0.0151
   680,0.0000,0.0000,0.0000,0.4000,0.0101
   681,0.0000,0.0000,0.0000,0.4000,5.9936
   682,0.0000,0.0000,0.0000,0.4000,5.2682
   683,0.0000,0.0000,0.0000,0.4000,0.0106
   684,0.0000,0.0000,0.0000,0.4000,2.4294
   685,0.0000,0.0000,0.0000,0.4000,0.0101
   686,0.0000,0.0000,0.0000,0.4000,0.0101
   687,17896.0088,17896.0088,0.0000,0.0000,0.0000
   688,17890.7437,17890.7437,0.0000,0.0000,0.0000
   689,17859.8911,17859.8911,0.0000,0.0000,0.0000
   690,17892.8947,17892.8947,0.0000,0.0000,0.0000
   691,17896.3920,17896.3920,0.0000,0.0000,0.0000
   692,17891.8339,17891.8339,0.0000,0.0000,0.0000
   693,17893.7985,17893.7985,0.0000,0.0000,0.0000
   694,17891.6964,17891.6964,0.0000,0.0000,0.0000
   695,17893.9163,17893.9163,0.0000,0.0000,0.0000
   696,0.0000,0.0000,0.0000,0.4000,0.8462
   697,0.0000,0.0000,0.0000,0.4000,0.0210
   698,0.0000,0.0000,0.0000,0.4000,8.8437
   699,0.0000,0.0000,0.0000,0.4000,9.9504
   700,17879.6094,17879.6094,0.0000,0.0000,0.0000
   701,0.0000,0.0000,0.0000,0.4000,0.0102
   702,0.0000,0.0000,0.0000,0.4000,2.2877
   703,17889.1035,17889.1035,0.0000,0.0000,0.0000
   704,0.0000,0.0000,0.0000,0.4000,0.0101
   705,0.0000,0.0000,0.0000,0.4000,0.0101
   706,0.0000,0.0000,0.0000,0.4000,3.1356
   707,0.0000,0.0000,0.0000,0.4000,0.0107
   708,17896.5001,17896.5001,0.0000,0.0000,0.0000
   709,17896.9815,17896.9815,0.0000,0.0000,0.0000
   710,17896.5394,17896.5394,0.0000,0.0000,0.0000
   711,0.0000,0.0000,0.0000,0.4000,9.7080
   712,0.0000,0.0000,0.0000,0.4000,9.2386
   713,0.0000,0.0000,0.0000,0.4000,7.7037
   714,0.0000,0.0000,0.0000,0.4000,1.3681
   715,0.0000,0.0000,0.0000,0.4000,9.9848
   716,0.0000,0.0000,0.0000,0.4000,0.0106
   717,0.0000,0.0000,0.0000,0.4000,0.0101
   718,0.0000,0.0000,0.0000,0.4000,0.0102
   719,0.0000,0.0000,0.0000,0.4000,0.2394
   720,0.0000,0.0000,0.0000,0.4000,0.0337
   721,17802.7526,17802.7526,0.0000,0.0000,0.0000
   722,15268.5789,15268.5789,0.0000,0.0000,0.0000
   723,0.0000,0.0000,0.0000,0.4000,0.1966
   724,0.0000,0.0000,0.0000,0.4000,0.0133
   725,0.0000,0.0000,0.0000,0.4000,0.0128
   726,0.0000,0.0000,0.0000,0.4000,9.9475
   727,0.0000,0.0000,0.0000,0.4000,0.0102
   728,0.0000,0.0000,0.0000,0.4000,0.0101
   729,0.0000,0.0000,0.0000,0.4000,0.0106
   730,0.0000,0.0000,0.0000,0.4000,1.5096
   731,0.0000,0.0000,0.0000,0.4000,9.8887
   732,0.0000,0.0000,0.0000,0.4000,0.0102
   733,17881.5628,17881.5628,0.0000,0.0000,0.0000
   734,16338.9267,16338.9267,0.0000,0.0000,0.0000
   735,0.0000,0.0000,0.0000,0.4000,0.0212
   736,0.0000,0.0000,0.0000,0.4000,0.0102
   737,0.0000,0.0000,0.0000,0.4000,0.0101
   738,0.0000,0.0000,0.0000,0.4000,0.0101
   739,0.0000,0.0000,0.0000,0.4000,0.0104
   740,0.0000,0.0000,0.0000,0.4000,0.0101
   741,0.0000,0.0000,0.0000,0.4000,9.8300
   742,6007.7930,6007.7930,0.0000,0.0000,0.0000
   743,0.0000,0.0000,0.0000,0.4000,8.7442
   744,1575.5696,1575.5696,0.0000,0.0000,0.0000
   745,0.0000,0.0000,0.0000,0.4000,9.8548
   746,17890.1642,17890.1642,0.0000,0.0000,0.0000
   747,17745.4170,17745.4170,0.0000,0.0000,0.0000
   748,0.0000,0.0000,0.0000,0.4000,1.9586
   749,0.0000,0.0000,0.0000,0.4000,0.0105
   750,0.0000,0.0000,0.0000,0.4000,0.0100
   751,0.0000,0.0000,0.0000,0.4000,0.0101
   752,0.0000,0.0000,0.0000,0.4000,0.0107
   753,9428.7731,9428.7731,0.0000,0.0000,0.0000
   754,0.0000,0.0000,0.0000,0.4000,7.0705
   755,0.0000,0.0000,0.0000,0.4000,5.9135
   756,0.0000,0.0000,0.0000,0.4000,0.0444
   757,0.0000,0.0000,0.0000,0.4000,3.7363
   758,17733.8279,17733.8279,0.0000,0.0000,0.0000
   759,0.0000,0.0000,0.0000,0.4000,9.7999
   760,0.0000,0.0000,0.0000,0.4000,9.9051
   761,0.0000,0.0000,0.0000,0.4000,9.5814
   762,0.0000,0.0000,0.0000,0.4000,3.8901
   763,17876.2037,17876.2037,0.0000,0.0000,0.0000
   764,13490.7379,13490.7379,0.0000,0.0000,0.0000
   765,17873.5935,17873.5935,0.0000,0.0000,0.0000
   766,0.0000,0.0000,0.0000,0.4000,0.0141
   767,0.0000,0.0000,0.0000,0.4000,0.0112
   768,0.0000,0.0000,0.0000,0.4000,0.0101
   769,0.0000,0.0000,0.0000,0.4000,0.0329
   770,0.0000,0.0000,0.0000,0.4000,0.0100
   771,0.0000,0.0000,0.0000,0.4000,0.1781
   772,0.0000,0.0000,0.0000,0.4000,0.0101
   773,0.0000,0.0000,0.0000,0.4000,9.9700
   774,0.0000,0.0000,0.0000,0.4000,9.9784
   775,0.0000,0.0000,0.0000,0.4000,9.5170
   776,0.0000,0.0000,0.0000,0.4000,9.9630
   777,0.0000,0.0000,0.0000,0.4000,0.0103
   778,0.0000,0.0000,0.0000,0.4000,0.0103
   779,0.0000,0.0000,0.0000,0.4000,0.0134
   780,0.0000,0.0000,0.0000,0.4000,9.9250
   781,17858.7047,17858.7047,0.0000,0.0000,0.0000
   782,0.0000,0.0000,0.0000,0.4000,9.9146
   783,0.0000,0.0000,0.0000,0.4000,0.8060
   784,0.0000,0.0000,0.0000,0.4000,6.9671
   785,0.0000,0.0000,0.0000,0.4000,1.6857
   786,0.0000,0.0000,0.0000,0.4000,0.0187
   787,0.0000,0.0000,0.0000,0.4000,9.9882
   788,0.0000,0.0000,0.0000,0.4000,9.9855
   789,0.0000,0.0000,0.0000,0.4000,4.3942
   790,0.0000,0.0000,0.0000,0.4000,0.7406
   791,0.0000,0.0000,0.0000,0.4000,0.0104
   792,0.0000,0.0000,0.0000,0.4000,0.0100
   793,13507.0338,13507.0338,0.0000,0.0000,0.0000
   794,0.0000,0.0000,0.0000,0.4000,0.0146
   795,3025.0596,3025.0596,0.0000,0.0000,0.0000
   796,17003.5323,17003.5323,0.0000,0.0000,0.0000
   797,0.0000,0.0000,0.0000,0.4000,0.0100
   798,0.0000,0.0000,0.0000,0.4000,0.0209
   799,0.0000,0.0000,0.0000,0.4000,0.0100
   800,0.0000,0.0000,0.0000,0.4000,9.9529
   801,0.0000,0.0000,0.0000,0.4000,5.8036
   802,0.0000,0.0000,0.0000,0.4000,8.5591
   803,0.0000,0.0000,0.0000,0.4000,0.0136
   804,0.0000,0.0000,0.0000,0.4000,0.0198
   805,0.0000,0.0000,0.0000,0.4000,0.0100
   806,0.0000,0.0000,0.0000,0.4000,0.0100
   807,0.0000,0.0000,0.0000,0.4000,0.0106
   808,0.0000,0.0000,0.0000,0.4000,0.0101
   809,0.0000,0.0000,0.0000,0.4000,0.0100
   810,0.0000,0.0000,0.0000,0.4000,0.0100
   811,0.0000,0.0000,0.0000,0.4000,0.0110
   812,0.0000,0.0000,0.0000,0.4000,0.0101
   813,0.0000,0.0000,0.0000,0.4000,7.3771
   814,0.0000,0.0000,0.0000,0.4000,0.0110
   815,0.0000,0.0000,0.0000,0.4000,0.0112
   816,0.0000,0.0000,0.0000,0.4000,9.9752
   817,0.0000,0.0000,0.0000,0.4000,7.4682
   818,0.0000,0.0000,0.0000,0.4000,0.2067
   819,6408.8931,6408.8931,0.0000,0.0000,0.0000
   820,17834.7401,17834.7401,0.0000,0.0000,0.0000
   821,17646.9477,17646.9477,0.0000,0.0000,0.0000
   822,0.0000,0.0000,0.0000,0.4000,0.0100
   823,0.0000,0.0000,0.0000,0.4000,0.0100
   824,0.0000,0.0000,0.0000,0.4000,9.5844
   825,0.0000,0.0000,0.0000,0.4000,0.0288
   826,17007.1732,17007.1732,0.0000,0.0000,0.0000
   827,0.0000,0.0000,0.0000,0.4000,0.0100
   828,0.0000,0.0000,0.0000,0.4000,0.0100
   829,0.0000,0.0000,0.0000,0.4000,0.0164
   830,0.0000,0.0000,0.0000,0.4000,0.1475
   831,0.0000,0.0000,0.0000,0.4000,0.0100
   832,0.0000,0.0000,0.0000,0.4000,0.0102
   833,0.0000,0.0000,0.0000,0.4000,0.0121
   834,0.0000,0.0000,0.0000,0.4000,0.0100
   835,0.0000,0.0000,0.0000,0.4000,0.0100
   836,0.0000,0.0000,0.0000,0.4000,0.0101
   837,0.0000,0.0000,0.0000,0.4000,0.0104
   838,0.0000,0.0000,0.0000,0.4000,0.2085
   839,0.0000,0.0000,0.0000,0.4000,0.0100
   840,0.0000,0.0000,0.0000,0.4000,0.0100
   841,0.0000,0.0000,0.0000,0.4000,0.0100
   842,0.0000,0.0000,0.0000,0.4000,0.0101
   843,0.0000,0.0000,0.0000,0.4000,0.0136
   844,0.0000,0.0000,0.0000,0.4000,0.2187
   845,0.0000,0.0000,0.0000,0.4000,9.3925
   846,0.0000,0.0000,0.0000,0.4000,0.3859
   847,0.0000,0.0000,0.0000,0.4000,4.3173
   848,0.0000,0.0000,0.0000,0.4000,0.2118
   849,17877.0870,17877.0870,0.0000,0.0000,0.0000
   850,17773.6714,17773.6714,0.0000,0.0000,0.0000
   851,0.0000,0.0000,0.0000,0.4000,0.0503
   852,0.0000,0.0000,0.0000,0.4000,0.0101
   853,0.0000,0.0000,0.0000,0.4000,9.2830
   854,17851.0004,17851.0004,0.0000,0.0000,0.0000
   855,0.0000,0.0000,0.0000,0.4000,4.4727
   856,0.0000,0.0000,0.0000,0.4000,0.0100
   857,0.0000,0.0000,0.0000,0.4000,0.0102
   858,0.0000,0.0000,0.0000,0.4000,0.0104
   859,0.0000,0.0000,0.0000,0.4000,0.0101
   860,0.0000,0.0000,0.0000,0.4000,0.0102
   861,0.0000,0.0000,0.0000,0.4000,0.0101
   862,0.0000,0.0000,0.0000,0.4000,0.0101
   863,0.0000,0.0000,0.0000,0.4000,0.0116
   864,0.0000,0.0000,0.0000,0.4000,0.0128
   865,0.0000,0.0000,0.0000,0.4000,0.0203
   866,0.0000,0.0000,0.0000,0.4000,0.0100
   867,0.0000,0.0000,0.0000,0.4000,0.0115
   868,0.0000,0.0000,0.0000,0.4000,8.4636
   869,0.0000,0.0000,0.0000,0.4000,0.0100
   870,0.0000,0.0000,0.0000,0.4000,5.4079
   871,17708.3976,17708.3976,0.0000,0.0000,0.0000
   872,0.0000,0.0000,0.0000,0.4000,5.9911
   873,0.0000,0.0000,0.0000,0.4000,6.5637
   874,0.0000,0.0000,0.0000,0.4000,0.1164
   875,0.0000,0.0000,0.0000,0.4000,7.2030
   876,0.0000,0.0000,0.0000,0.4000,9.2812
   877,0.0000,0.0000,0.0000,0.4000,9.7970
   878,0.0000,0.0000,0.0000,0.4000,9.6781
   879,0.0000,0.0000,0.0000,0.4000,0.0125
   880,0.0000,0.0000,0.0000,0.4000,0.0152
   881,0.0000,0.0000,0.0000,0.4000,0.0286
   882,0.0000,0.0000,0.0000,0.4000,0.0230
   883,0.0000,0.0000,0.0000,0.4000,9.3400
   884,0.0000,0.0000,0.0000,0.4000,9.0147
   885,0.0000,0.0000,0.0000,0.4000,0.0129
   886,0.0000,0.0000,0.0000,0.4000,0.4013
   887,0.0000,0.0000,0.0000,0.4000,1.1469
   888,0.0000,0.0000,0.0000,0.4000,8.0493
   889,0.0000,0.0000,0.0000,0.4000,0.0407
   890,0.0000,0.0000,0.0000,0.4000,9.8854
   891,0.0000,0.0000,0.0000,0.4000,0.0102
   892,0.0000,0.0000,0.0000,0.4000,1.8685
   893,0.0000,0.0000,0.0000,0.4000,1.9291
   894,0.0000,0.0000,0.0000,0.4000,7.9931
   895,0.0000,0.0000,0.0000,0.4000,1.4844
   896,0.0000,0.0000,0.0000,0.4000,0.3336
   897,0.0000,0.0000,0.0000,0.4000,0.1736
   898,0.0000,0.0000,0.0000,0.4000,7.2601
   899,0.0000,0.0000,0.0000,0.4000,9.4094
   900,0.0000,0.0000,0.0000,0.4000,6.0851
   901,0.0000,0.0000,0.0000,0.4000,1.0012
   902,0.0000,0.0000,0.0000,0.4000,0.3058
   903,0.0000,0.0000,0.0000,0.4000,9.7418
   904,0.0000,0.0000,0.0000,0.4000,0.0157
   905,0.0000,0.0000,0.0000,0.4000,0.3524
   906,0.0000,0.0000,0.0000,0.4000,0.1011
   907,0.0000,0.0000,0.0000,0.4000,0.7161
   908,2550.9292,2550.9292,0.0000,0.0000,0.0000
   909,0.0000,0.0000,0.0000,0.4000,0.0883
   910,0.0000,0.0000,0.0000,0.4000,0.0218
   911,12682.4212,12682.4212,0.0000,0.0000,0.0000
   912,0.0000,0.0000,0.0000,0.4000,6.1085
   913,0.0000,0.0000,0.0000,0.4000,0.0809
   914,0.0000,0.0000,0.0000,0.4000,3.1726
   915,0.0000,0.0000,0.0000,0.4000,7.2345
   916,0.0000,0.0000,0.0000,0.4000,1.0446
   917,0.0000,0.0000,0.0000,0.4000,2.5569
   918,0.0000,0.0000,0.0000,0.4000,5.7938
   919,0.0000,0.0000,0.0000,0.4000,0.9366
   920,0.0000,0.0000,0.0000,0.4000,0.0221
   921,0.0000,0.0000,0.0000,0.4000,7.4302
   922,0.0000,0.0000,0.0000,0.4000,0.6115
   923,0.0000,0.0000,0.0000,0.4000,0.0179
   924,0.0000,0.0000,0.0000,0.4000,9.5601
   925,0.0000,0.0000,0.0000,0.4000,2.9541
   926,0.0000,0.0000,0.0000,0.4000,0.0224
   927,0.0000,0.0000,0.0000,0.4000,9.8139
   928,0.0000,0.0000,0.0000,0.4000,7.5770
   929,0.0000,0.0000,0.0000,0.4000,0.1550
   930,0.0000,0.0000,0.0000,0.4000,9.8002
   931,0.0000,0.0000,0.0000,0.4000,9.7402
   932,0.0000,0.0000,0.0000,0.4000,8.9703
   933,0.0000,0.0000,0.0000,0.4000,2.4066
   934,0.0000,0.0000,0.0000,0.4000,9.0559
   935,0.0000,0.0000,0.0000,0.4000,9.4662
   936,17447.6793,17447.6793,0.0000,0.0000,0.0000
   937,0.0000,0.0000,0.0000,0.4000,9.7603
   938,0.0000,0.0000,0.0000,0.4000,9.7134
   939,0.0000,0.0000,0.0000,0.4000,9.6216
   940,0.0000,0.0000,0.0000,0.4000,6.1449
   941,0.0000,0.0000,0.0000,0.4000,8.1965
   942,0.0000,0.0000,0.0000,0.4000,8.9945
   943,17659.8081,17659.8081,0.0000,0.0000,0.0000
   944,0.0000,0.0000,0.0000,0.4000,9.2113
   945,0.0000,0.0000,0.0000,0.4000,9.4761
   946,17795.1505,17795.1505,0.0000,0.0000,0.0000
   947,0.0000,0.0000,0.0000,0.4000,9.9183
   948,0.0000,0.0000,0.0000,0.4000,9.8567
   949,17857.3812,17857.3812,0.0000,0.0000,0.0000
   950,0.0000,0.0000,0.0000,0.4000,9.9532
   951,0.0000,0.0000,0.0000,0.4000,9.9406
   952,0.0000,0.0000,0.0000,0.4000,9.8279
   953,0.0000,0.0000,0.0000,0.4000,9.7776
   954,0.0000,0.0000,0.0000,0.4000,9.9730
   955,0.0000,0.0000,0.0000,0.4000,9.9570
   956,17841.6342,17841.6342,0.0000,0.0000,0.0000
   957,0.0000,0.0000,0.0000,0.4000,9.9923
   958,0.0000,0.0000,0.0000,0.4000,9.9902
   959,0.0000,0.0000,0.0000,0.4000,9.9879
   960,0.0000,0.0000,0.0000,0.4000,9.9885
   961,0.0000,0.0000,0.0000,0.4000,9.9934
   962,0.0000,0.0000,0.0000,0.4000,9.9984
   963,0.0000,0.0000,0.0000,0.4000,9.9141
   964,0.0000,0.0000,0.0000,0.4000,9.9646
   965,0.0000,0.0000,0.0000,0.4000,9.9992
   966,0.0000,0.0000,0.0000,0.4000,9.3315
   967,0.0000,0.0000,0.0000,0.4000,9.6042
   968,0.0000,0.0000,0.0000,0.4000,9.9977
   969,0.0000,0.0000,0.0000,0.4000,9.4661
   970,0.0000,0.0000,0.0000,0.4000,8.6572
   971,0.0000,0.0000,0.0000,0.4000,9.9751
   972,0.0000,0.0000,0.0000,0.4000,9.9420
   973,0.0000,0.0000,0.0000,0.4000,9.7311
   974,0.0000,0.0000,0.0000,0.4000,9.9826
   975,0.0000,0.0000,0.0000,0.4000,9.9876
   976,0.0000,0.0000,0.0000,0.4000,9.9942
   977,0.0000,0.0000,0.0000,0.4000,9.9667
   978,0.0000,0.0000,0.0000,0.4000,9.9989
   979,0.0000,0.0000,0.0000,0.4000,9.9518
   980,0.0000,0.0000,0.0000,0.4000,9.9972
   981,0.0000,0.0000,0.0000,0.4000,9.4571
   982,0.0000,0.0000,0.0000,0.4000,7.0317
   983,0.0000,0.0000,0.0000,0.4000,9.5270
   984,0.0000,0.0000,0.0000,0.4000,4.5749
   985,0.0000,0.0000,0.0000,0.4000,0.4033
   986,0.0000,0.0000,0.0000,0.4000,0.0401
   987,0.0000,0.0000,0.0000,0.4000,0.6630
   988,0.0000,0.0000,0.0000,0.4000,0.0352
   989,0.0000,0.0000,0.0000,0.4000,0.0171
   990,0.0000,0.0000,0.0000,0.4000,0.0696
   991,0.0000,0.0000,0.0000,0.4000,0.0186
   992,0.0000,0.0000,0.0000,0.4000,0.0124
   993,0.0000,0.0000,0.0000,0.4000,0.0167
   994,0.0000,0.0000,0.0000,0.4000,0.0112
   995,0.0000,0.0000,0.0000,0.4000,0.0102
   996,0.0000,0.0000,0.0000,0.4000,0.0108
   997,0.0000,0.0000,0.0000,0.4000,0.0101
   998,0.0000,0.0000,0.0000,0.4000,0.0100
   999,0.0000,0.0000,0.0000,0.4000,0.0102
  1000,0.0000,0.0000,0.0000,0.4000,0.0100
  1001,0.0000,0.0000,0.0000,0.4000,0.0100
  1002,0.0000,0.0000,0.0000,0.4000,0.0101
  1003,0.0000,0.0000,0.0000,0.4000,0.0100
  1004,0.0000,0.0000,0.0000,0.4000,0.0100
  1005,0.0000,0.0000,0.0000,0.4000,0.0101
  1006,0.0000,0.0000,0.0000,0.4000,0.0100
  1007,0.0000,0.0000,0.0000,0.4000,0.0100
  1008,0.0000,0.0000,0.0000,0.4000,0.0101
  1009,0.0000,0.0000,0.0000,0.4000,0.0100
  1010,0.0000,0.0000,0.0000,0.4000,0.0100
  1011,0.0000,0.0000,0.0000,0.4000,0.0101
  1012,0.0000,0.0000,0.0000,0.4000,0.0100
  1013,0.0000,0.0000,0.0000,0.4000,0.0100
  1014,0.0000,0.0000,0.0000,0.4000,0.0100
  1015,0.0000,0.0000,0.0000,0.4000,0.0102
  1016,0.0000,0.0000,0.0000,0.4000,0.0100
  1017,0.0000,0.0000,0.0000,0.4000,0.0100
  1018,0.0000,0.0000,0.0000,0.4000,0.0100
  1019,0.0000,0.0000,0.0000,0.4000,0.0104
  1020,0.0000,0.0000,0.0000,0.4000,0.0100
  1021,0.0000,0.0000,0.0000,0.4000,0.0100
  1022,0.0000,0.0000,0.0000,0.4000,0.0109
  1023,0.0000,0.0000,0.0000,0.4000,0.0100
  1024,0.0000,0.0000,0.0000,0.4000,0.0100
  1025,0.0000,0.0000,0.0000,0.4000,0.0125
  1026,0.0000,0.0000,0.0000,0.4000,0.0100
  1027,0.0000,0.0000,0.0000,0.4000,0.0100
  1028,0.0000,0.0000,0.0000,0.4000,0.0103
  1029,0.0000,0.0000,0.0000,0.4000,0.0145
  1030,0.0000,0.0000,0.0000,0.4000,0.0100
  1031,0.0000,0.0000,0.0000,0.4000,0.0109
  1032,0.0000,0.0000,0.0000,0.4000,0.0156
  1033,0.0000,0.0000,0.0000,0.4000,0.0100
  1034,0.0000,0.0000,0.0000,0.4000,0.0104
  1035,0.0000,0.0000,0.0000,0.4000,0.0161
  1036,0.0000,0.0000,0.0000,0.4000,0.0100
  1037,0.0000,0.0000,0.0000,0.4000,0.0102
  1038,0.0000,0.0000,0.0000,0.4000,0.0142
  1039,0.0000,0.0000,0.0000,0.4000,0.0100
  1040,0.0000,0.0000,0.0000,0.4000,0.0102
  1041,0.0000,0.0000,0.0000,0.4000,0.0100
  1042,0.0000,0.0000,0.0000,0.4000,0.0121
  1043,0.0000,0.0000,0.0000,0.4000,0.0100
  1044,0.0000,0.0000,0.0000,0.4000,0.0101
  1045,0.0000,0.0000,0.0000,0.4000,0.0109
  1046,0.0000,0.0000,0.0000,0.4000,0.0100
  1047,0.0000,0.0000,0.0000,0.4000,0.0100
  1048,0.0000,0.0000,0.0000,0.4000,0.0136
  1049,0.0000,0.0000,0.0000,0.4000,0.0100
  1050,0.0000,0.0000,0.0000,0.4000,0.0102
  1051,0.0000,0.0000,0.0000,0.4000,0.1388
  1052,0.0000,0.0000,0.0000,0.4000,0.0120
  1053,0.0000,0.0000,0.0000,0.4000,0.0357
  1054,0.0000,0.0000,0.0000,0.0000,0.0000
  1055,17393.2059,17393.2059,0.0000,0.0000,0.0000
  1056,0.0000,0.0000,0.0000,0.0000,0.0000
  1057,8990.5735,8990.5735,0.0000,0.0000,0.0000
  1058,0.0000,0.0000,0.0000,0.0000,0.0000
  1059,16595.0619,16595.0619,0.0000,0.0000,0.0000
  1060,16818.5450,16818.5450,0.0000,0.0000,0.0000
  1061,13963.5548,13963.5548,0.0000,0.0000,0.0000
  1062,1084.7893,1084.7893,0.0000,0.0000,0.0000
  1063,6124.5866,6124.5866,0.0000,0.0000,0.0000
  1064,0.0000,0.0000,0.0000,0.0000,0.0000
  1065,517.5978,517.5978,0.0000,0.0000,0.0000
  1066,0.0000,0.0000,0.0000,0.0000,0.0000
  1067,0.0000,0.0000,0.0000,0.0000,0.0000
  1068,0.0000,0.0000,0.0000,0.0000,0.0000
  1069,0.0000,0.0000,0.0000,1.0000,0.8989
  1070,0.0000,0.0000,0.0000,0.0000,0.0000
  1071,13288.3509,13288.3509,0.0000,0.0000,0.0000
  1072,15611.9086,15611.9086,0.0000,0.0000,0.0000
  1073,3560.9721,3560.9721,0.0000,0.0000,0.0000
  1074,1750.6215,1750.6215,0.0000,0.0000,0.0000
  1075,0.0000,0.0000,0.0000,0.0000,0.0000
  1076,392.5582,392.5582,0.0000,0.0000,0.0000
  1077,896.1783,896.1783,0.0000,0.0000,0.0000
  1078,0.0000,0.0000,0.0000,1.0000,0.5985
  1079,15734.2597,15734.2597,0.0000,0.0000,0.0000
  1080,16211.2952,16211.2952,0.0000,0.0000,0.0000
  1081,16663.3565,16663.3565,0.0000,0.0000,0.0000
  1082,0.0000,0.0000,0.0000,0.0000,0.0000
  1083,0.0000,0.0000,0.0000,0.0000,0.0000
  1084,0.0000,0.0000,0.0000,0.0000,0.0000
  1085,13406.6011,13406.6011,0.0000,0.0000,0.0000
  1086,3599.8903,3599.8903,0.0000,0.0000,0.0000
  1087,10774.9725,10774.9725,0.0000,0.0000,0.0000
  1088,15043.5258,15043.5258,0.0000,0.0000,0.0000
  1089,15488.7828,15488.7828,0.0000,0.0000,0.0000
  1090,1147.8817,1147.8817,0.0000,0.0000,0.0000
  1091,456.3082,456.3082,0.0000,0.0000,0.0000
  1092,0.0000,0.0000,0.0000,0.0000,0.0000
  1093,0.0000,0.0000,0.0000,0.0000,0.0000
  1094,0.0000,0.0000,0.0000,0.0000,0.0000
  1095,0.0000,0.0000,0.0000,0.0000,0.0000
  1096,361.4734,361.4734,0.0000,0.0000,0.0000
  1097,6849.0899,6849.0899,0.0000,0.0000,0.0000
  1098,1534.1771,1534.1771,0.0000,0.0000,0.0000
  1099,16880.9465,16880.9465,0.0000,0.0000,0.0000
  1100,17416.8832,17416.8832,0.0000,0.0000,0.0000
  1101,0.0000,0.0000,0.0000,0.0000,0.0000
  1102,13313.1187,13313.1187,0.0000,0.0000,0.0000
  1103,16015.7570,16015.7570,0.0000,0.0000,0.0000
  1104,2503.8196,2503.8196,0.0000,0.0000,0.0000
  1105,8875.0045,8875.0045,0.0000,0.0000,0.0000
  1106,648.2658,648.2658,0.0000,0.0000,0.0000
  1107,16919.5610,16919.5610,0.0000,0.0000,0.0000
  1108,366.7802,366.7802,0.0000,0.0000,0.0000
  1109,357.4282,357.4282,0.0000,0.0000,0.0000
  1110,443.0315,443.0315,0.0000,0.0000,0.0000
  1111,0.0000,0.0000,0.0000,0.0000,0.0000
  1112,0.0000,0.0000,0.0000,0.0000,0.0000
  1113,0.0000,0.0000,0.0000,0.0000,0.0000
  1114,0.0000,0.0000,0.0000,0.0000,0.0000
  1115,357.6764,357.6764,0.0000,0.0000,0.0000
  1116,357.1969,357.1969,0.0000,0.0000,0.0000
  1117,406.7113,406.7113,0.0000,0.0000,0.0000
  1118,17359.6562,17359.6562,0.0000,0.0000,0.0000
  1119,14389.9784,14389.9784,0.0000,0.0000,0.0000
  1120,611.8480,611.8480,0.0000,0.0000,0.0000
  1121,17095.8208,17095.8208,0.0000,0.0000,0.0000
  1122,17300.9551,17300.9551,0.0000,0.0000,0.0000
  1123,0.0000,0.0000,0.0000,0.0000,0.0000
  1124,17369.7134,17369.7134,0.0000,0.0000,0.0000
  1125,0.0000,0.0000,0.0000,0.0000,0.0000
  1126,15662.4025,15662.4025,0.0000,0.0000,0.0000
  1127,16692.4354,16692.4354,0.0000,0.0000,0.0000
  1128,477.7054,477.7054,0.0000,0.0000,0.0000
  1129,6527.2892,6527.2892,0.0000,0.0000,0.0000
  1130,13597.3311,13597.3311,0.0000,0.0000,0.0000
  1131,358.1885,358.1885,0.0000,0.0000,0.0000
  1132,357.1931,357.1931,0.0000,0.0000,0.0000
  1133,357.1534,357.1534,0.0000,0.0000,0.0000
  1134,365.5306,365.5306,0.0000,0.0000,0.0000
  1135,367.1251,367.1251,0.0000,0.0000,0.0000
  1136,0.0000,0.0000,0.0000,0.0000,0.0000
  1137,357.6987,357.6987,0.0000,0.0000,0.0000
  1138,0.0000,0.0000,0.0000,0.0500,0.0000
  1139,0.0000,0.0000,0.0000,0.0000,0.0000
  1140,357.1673,357.1673,0.0000,0.0000,0.0000
  1141,0.0000,0.0000,0.0000,0.0500,0.0000
  1142,357.1488,357.1488,0.0000,0.0000,0.0000
  1143,369.7279,369.7279,0.0000,0.0000,0.0000
  1144,17091.9733,17091.9733,0.0000,0.0000,0.0000
  1145,2431.7834,2431.7834,0.0000,0.0000,0.0000
  1146,1355.5452,1355.5452,0.0000,0.0000,0.0000
  1147,433.8688,433.8688,0.0000,0.0000,0.0000
  1148,373.6473,373.6473,0.0000,0.0000,0.0000
  1149,17190.3938,17190.3938,0.0000,0.0000,0.0000
  1150,16915.3817,16915.3817,0.0000,0.0000,0.0000
  1151,17095.6425,17095.6425,0.0000,0.0000,0.0000
  1152,17402.1838,17402.1838,0.0000,0.0000,0.0000
  1153,0.0000,0.0000,0.0000,0.0000,0.0000
  1154,17394.4473,17394.4473,0.0000,0.0000,0.0000
  1155,17520.1657,17520.1657,0.0000,0.0000,0.0000
  1156,16465.6285,16465.6285,0.0000,0.0000,0.0000
  1157,0.0000,0.0000,0.0000,0.0000,0.0000
  1158,15121.9465,15121.9465,0.0000,0.0000,0.0000
  1159,371.4999,371.4999,0.0000,0.0000,0.0000
  1160,2001.8168,2001.8168,0.0000,0.0000,0.0000
  1161,357.4512,357.4512,0.0000,0.0000,0.0000
  1162,357.1731,357.1731,0.0000,0.0000,0.0000
  1163,357.1476,357.1476,0.0000,0.0000,0.0000
  1164,357.1453,357.1453,0.0000,0.0000,0.0000
  1165,358.7102,358.7102,0.0000,0.0000,0.0000
  1166,359.1310,359.1310,0.0000,0.0000,0.0000
  1167,0.0000,0.0000,0.0000,0.0100,0.0000
  1168,0.0000,0.0000,0.0000,0.0100,0.0000
  1169,357.2581,357.2581,0.0000,0.0000,0.0000
  1170,0.0000,0.0000,0.0000,0.0100,0.0000
  1171,0.0000,0.0000,0.0000,0.0500,0.0000
  1172,0.0000,0.0000,0.0000,0.0500,0.0000
  1173,359.1394,359.1394,0.0000,0.0000,0.0000
  1174,358.3336,358.3336,0.0000,0.0000,0.0000
  1175,0.0000,0.0000,0.0000,0.0000,0.0000
  1176,1317.3284,1317.3284,0.0000,0.0000,0.0000
  1177,521.0578,521.0578,0.0000,0.0000,0.0000
  1178,369.9420,369.9420,0.0000,0.0000,0.0000
  1179,362.2123,362.2123,0.0000,0.0000,0.0000
  1180,358.2791,358.2791,0.0000,0.0000,0.0000
  1181,359.0299,359.0299,0.0000,0.0000,0.0000
  1182,0.0000,0.0000,0.0000,0.0000,0.0000
  1183,15927.6638,15927.6638,0.0000,0.0000,0.0000
  1184,0.0000,0.0000,0.0000,0.0000,0.0000
  1185,17628.2020,17628.2020,0.0000,0.0000,0.0000
  1186,0.0000,0.0000,0.0000,0.0000,0.0000
  1187,17407.5537,17407.5537,0.0000,0.0000,0.0000
  1188,0.0000,0.0000,0.0000,0.0000,0.0000
  1189,0.0000,0.0000,0.0000,0.0000,0.0000
  1190,0.0000,0.0000,0.0000,0.0100,0.0000
  1191,0.0000,0.0000,0.0000,0.0100,0.0000
  1192,13355.5909,13355.5909,0.0000,0.0000,0.0000
  1193,0.0000,0.0000,0.0000,0.0000,0.0000
  1194,0.0000,0.0000,0.0000,0.0000,0.0000
  1195,0.0000,0.0000,0.0000,0.0000,0.0000
  1196,0.0000,0.0000,0.0000,0.0000,0.0000
  1197,357.2738,357.2738,0.0000,0.0000,0.0000
  1198,357.9247,357.9247,0.0000,0.0000,0.0000
  1199,357.1477,357.1477,0.0000,0.0000,0.0000
  1200,357.2369,357.2369,0.0000,0.0000,0.0000
  1201,357.1450,357.1450,0.0000,0.0000,0.0000
  1202,357.1462,357.1462,0.0000,0.0000,0.0000
  1203,0.0000,0.0000,0.0000,0.0000,0.0000
  1204,357.6680,357.6680,0.0000,0.0000,0.0000
  1205,357.9250,357.9250,0.0000,0.0000,0.0000
  1206,0.0000,0.0000,0.0000,0.0100,0.0000
  1207,0.0000,0.0000,0.0000,0.0100,0.0000
  1208,357.1627,357.1627,0.0000,0.0000,0.0000
  1209,357.2447,357.2447,0.0000,0.0000,0.0000
  1210,0.0000,0.0000,0.0000,0.0500,0.0000
  1211,0.0000,0.0000,0.0000,0.0100,0.0000
  1212,0.0000,0.0000,0.0000,0.0500,0.0000
  1213,0.0000,0.0000,0.0000,0.0500,0.0000
  1214,357.6751,357.6751,0.0000,0.0000,0.0000
  1215,357.3862,357.3862,0.0000,0.0000,0.0000
  1216,357.8913,357.8913,0.0000,0.0000,0.0000
  1217,0.0000,0.0000,0.0000,0.0000,0.0000
  1218,579.7376,579.7376,0.0000,0.0000,0.0000
  1219,361.3647,361.3647,0.0000,0.0000,0.0000
  1220,357.4202,357.4202,0.0000,0.0000,0.0000
  1221,702.0232,702.0232,0.0000,0.0000,0.0000
  1222,357.2547,357.2547,0.0000,0.0000,0.0000
  1223,357.2007,357.2007,0.0000,0.0000,0.0000
  1224,357.2662,357.2662,0.0000,0.0000,0.0000
  1225,17012.6266,17012.6266,0.0000,0.0000,0.0000
  1226,16859.2194,16859.2194,0.0000,0.0000,0.0000
  1227,0.0000,0.0000,0.0000,0.0000,0.0000
  1228,0.0000,0.0000,0.0000,0.0000,0.0000
  1229,0.0000,0.0000,0.0000,0.0000,0.0000
  1230,0.0000,0.0000,0.0000,0.0000,0.0000
  1231,0.0000,0.0000,0.0000,0.0000,0.0000
  1232,0.0000,0.0000,0.0000,0.0000,0.0000
  1233,16449.1310,16449.1310,0.0000,0.0000,0.0000
  1234,0.0000,0.0000,0.0000,0.0000,0.0000
  1235,16984.3885,16984.3885,0.0000,0.0000,0.0000
  1236,17511.4826,17511.4826,0.0000,0.0000,0.0000
  1237,0.0000,0.0000,0.0000,0.0000,0.0000
  1238,0.0000,0.0000,0.0000,0.0000,0.0000
  1239,0.0000,0.0000,0.0000,0.0500,0.0000
  1240,0.0000,0.0000,0.0000,0.0100,0.0000
  1241,0.0000,0.0000,0.0000,0.0500,0.0000
  1242,357.1535,357.1535,0.0000,0.0000,0.0000
  1243,357.2201,357.2201,0.0000,0.0000,0.0000
  1244,0.0000,0.0000,0.0000,0.0500,0.0000
  1245,0.0000,0.0000,0.0000,0.0500,0.0000
  1246,0.0000,0.0000,0.0000,0.0000,0.0000
  1247,0.0000,0.0000,0.0000,0.0000,0.0000
  1248,357.4832,357.4832,0.0000,0.0000,0.0000
  1249,357.2841,357.2841,0.0000,0.0000,0.0000
  1250,0.0000,0.0000,0.0000,0.0100,0.0000
  1251,0.0000,0.0000,0.0000,0.0100,0.0000
  1252,357.1490,357.1490,0.0000,0.0000,0.0000
  1253,0.0000,0.0000,0.0000,0.0100,0.0000
  1254,0.0000,0.0000,0.0000,0.0100,0.0000
  1255,357.1707,357.1707,0.0000,0.0000,0.0000
  1256,357.2711,357.2711,0.0000,0.0000,0.0000
  1257,0.0000,0.0000,0.0000,0.0100,0.0000
  1258,0.0000,0.0000,0.0000,0.0500,0.0000
  1259,0.0000,0.0000,0.0000,0.0000,0.0000
  1260,0.0000,0.0000,0.0000,0.0000,0.0000
  1261,377.0116,377.0116,0.0000,0.0000,0.0000
  1262,358.4892,358.4892,0.0000,0.0000,0.0000
  1263,1122.9826,1122.9826,0.0000,0.0000,0.0000
  1264,357.3227,357.3227,0.0000,0.0000,0.0000
  1265,0.0000,0.0000,0.0000,0.0000,0.0000
  1266,357.1740,357.1740,0.0000,0.0000,0.0000
  1267,357.1601,357.1601,0.0000,0.0000,0.0000
  1268,357.1948,357.1948,0.0000,0.0000,0.0000
  1269,357.1523,357.1523,0.0000,0.0000,0.0000
  1270,357.2344,357.2344,0.0000,0.0000,0.0000
  1271,17697.2213,17697.2213,0.0000,0.0000,0.0000
  1272,14086.5607,14086.5607,0.0000,0.0000,0.0000
  1273,0.0000,0.0000,0.0000,0.0000,0.0000
  1274,0.0000,0.0000,0.0000,0.0000,0.0000
  1275,0.0000,0.0000,0.0000,0.0000,0.0000
  1276,17080.2672,17080.2672,0.0000,0.0000,0.0000
  1277,0.0000,0.0000,0.0000,0.0000,0.0000
  1278,0.0000,0.0000,0.0000,0.0000,0.0000
  1279,6612.9799,6612.9799,0.0000,0.0000,0.0000
  1280,16586.5004,16586.5004,0.0000,0.0000,0.0000
  1281,0.0000,0.0000,0.0000,0.0100,0.0000
  1282,16577.5883,16577.5883,0.0000,0.0000,0.0000
  1283,16140.6439,16140.6439,0.0000,0.0000,0.0000
  1284,0.0000,0.0000,0.0000,0.0000,0.0000
  1285,0.0000,0.0000,0.0000,0.0000,0.0000
  1286,0.0000,0.0000,0.0000,0.0500,0.0000
  1287,16404.9424,16404.9424,0.0000,0.0000,0.0000
  1288,357.2025,357.2025,0.0000,0.0000,0.0000
  1289,0.0000,0.0000,0.0000,0.0500,0.0000
  1290,0.0000,0.0000,0.0000,0.0000,0.0000
  1291,1169.8279,1169.8279,0.0000,0.0000,0.0000
  1292,4061.8149,4061.8149,0.0000,0.0000,0.0000
  1293,0.0000,0.0000,0.0000,0.0500,0.0000
  1294,0.0000,0.0000,0.0000,0.0500,0.0000
  1295,0.0000,0.0000,0.0000,0.0000,0.0000
  1296,0.0000,0.0000,0.0000,0.0000,0.0000
  1297,0.0000,0.0000,0.0000,0.0500,0.0000
  1298,0.0000,0.0000,0.0000,0.0500,0.0000
  1299,0.0000,0.0000,0.0000,0.0500,0.0000
  1300,357.1487,357.1487,0.0000,0.0000,0.0000
  1301,357.1454,357.1454,0.0000,0.0000,0.0000
  1302,0.0000,0.0000,0.0000,0.0100,0.0000
  1303,0.0000,0.0000,0.0000,0.0100,0.0000
  1304,0.0000,0.0000,0.0000,0.0500,0.0000
  1305,0.0000,0.0000,0.0000,0.0100,0.0000
  1306,357.1899,357.1899,0.0000,0.0000,0.0000
  1307,357.1475,357.1475,0.0000,0.0000,0.0000
  1308,357.2380,357.2380,0.0000,0.0000,0.0000
  1309,357.2080,357.2080,0.0000,0.0000,0.0000
  1310,0.0000,0.0000,0.0000,0.0500,0.0000
  1311,462.7667,462.7667,0.0000,0.0000,0.0000
  1312,367.8197,367.8197,0.0000,0.0000,0.0000
  1313,2473.6080,2473.6080,0.0000,0.0000,0.0000
  1314,357.6770,357.6770,0.0000,0.0000,0.0000
  1315,17772.6566,17772.6566,0.0000,0.0000,0.0000
  1316,357.2234,357.2234,0.0000,0.0000,0.0000
  1317,0.0000,0.0000,0.0000,0.0000,0.0000
  1318,357.2558,357.2558,0.0000,0.0000,0.0000
  1319,357.1510,357.1510,0.0000,0.0000,0.0000
  1320,357.1707,357.1707,0.0000,0.0000,0.0000
  1321,357.1465,357.1465,0.0000,0.0000,0.0000
  1322,357.1772,357.1772,0.0000,0.0000,0.0000
  1323,357.2369,357.2369,0.0000,0.0000,0.0000
  1324,800.2020,800.2020,0.0000,0.0000,0.0000
  1325,2764.4636,2764.4636,0.0000,0.0000,0.0000
  1326,699.9257,699.9257,0.0000,0.0000,0.0000
  1327,732.9788,732.9788,0.0000,0.0000,0.0000
  1328,472.7954,472.7954,0.0000,0.0000,0.0000
  1329,447.5098,447.5098,0.0000,0.0000,0.0000
  1330,0.0000,0.0000,0.0000,0.0100,0.0000
  1331,499.0438,499.0438,0.0000,0.0000,0.0000
  1332,0.0000,0.0000,0.0000,0.0000,0.0000
  1333,15662.2735,15662.2735,0.0000,0.0000,0.0000
  1334,0.0000,0.0000,0.0000,0.0100,0.0000
  1335,16004.7089,16004.7089,0.0000,0.0000,0.0000
  1336,0.0000,0.0000,0.0000,0.0100,0.0000
  1337,0.0000,0.0000,0.0000,0.0100,0.0000
  1338,0.0000,0.0000,0.0000,0.0100,0.0000
  1339,15154.0081,15154.0081,0.0000,0.0000,0.0000
  1340,357.4408,357.4408,0.0000,0.0000,0.0000
  1341,0.0000,0.0000,0.0000,0.0500,0.0000
  1342,0.0000,0.0000,0.0000,0.0000,0.0000
  1343,0.0000,0.0000,0.0000,0.0000,0.0000
  1344,0.0000,0.0000,0.0000,0.0000,0.0000
  1345,0.0000,0.0000,0.0000,0.0500,0.0000
  1346,0.0000,0.0000,0.0000,0.0500,0.0000
  1347,16144.3127,16144.3127,0.0000,0.0000,0.0000
  1348,0.0000,0.0000,0.0000,0.0500,0.0000
  1349,0.0000,0.0000,0.0000,0.0500,0.0000
  1350,0.0000,0.0000,0.0000,0.0500,0.0000
  1351,0.0000,0.0000,0.0000,0.0500,0.0000
  1352,357.1439,357.1439,0.0000,0.0000,0.0000
  1353,0.0000,0.0000,0.0000,0.0500,0.0000
  1354,0.0000,0.0000,0.0000,0.0500,0.0000
  1355,0.0000,0.0000,0.0000,0.0500,0.0000
  1356,0.0000,0.0000,0.0000,0.0500,0.0000
  1357,357.1621,357.1621,0.0000,0.0000,0.0000
  1358,357.1477,357.1477,0.0000,0.0000,0.0000
  1359,357.1437,357.1437,0.0000,0.0000,0.0000
  1360,357.1434,357.1434,0.0000,0.0000,0.0000
  1361,357.1582,357.1582,0.0000,0.0000,0.0000
  1362,0.0000,0.0000,0.0000,0.0500,0.0000
  1363,690.1986,690.1986,0.0000,0.0000,0.0000
  1364,425.1570,425.1570,0.0000,0.0000,0.0000
  1365,2013.2969,2013.2969,0.0000,0.0000,0.0000
  1366,362.6085,362.6085,0.0000,0.0000,0.0000
  1367,0.0000,0.0000,0.0000,0.0000,0.0000
  1368,358.8448,358.8448,0.0000,0.0000,0.0000
  1369,0.0000,0.0000,0.0000,0.0000,0.0000
  1370,0.0000,0.0000,0.0000,0.0000,0.0000
  1371,357.1473,357.1473,0.0000,0.0000,0.0000
  1372,357.1458,357.1458,0.0000,0.0000,0.0000
  1373,357.1945,357.1945,0.0000,0.0000,0.0000
  1374,0.0000,0.0000,0.0000,0.0500,0.0000
  1375,812.1678,812.1678,0.0000,0.0000,0.0000
  1376,3013.2296,3013.2296,0.0000,0.0000,0.0000
  1377,917.6157,917.6157,0.0000,0.0000,0.0000
  1378,0.0000,0.0000,0.0000,0.0000,0.0000
  1379,2508.8968,2508.8968,0.0000,0.0000,0.0000
  1380,8328.2728,8328.2728,0.0000,0.0000,0.0000
  1381,4394.7087,4394.7087,0.0000,0.0000,0.0000
  1382,1318.4998,1318.4998,0.0000,0.0000,0.0000
  1383,873.2833,873.2833,0.0000,0.0000,0.0000
  1384,0.0000,0.0000,0.0000,0.0100,0.0000
  1385,2013.6920,2013.6920,0.0000,0.0000,0.0000
  1386,0.0000,0.0000,0.0000,0.0100,0.0000
  1387,1150.0891,1150.0891,0.0000,0.0000,0.0000
  1388,13779.4230,13779.4230,0.0000,0.0000,0.0000
  1389,12092.5510,12092.5510,0.0000,0.0000,0.0000
  1390,357.8248,357.8248,0.0000,0.0000,0.0000
  1391,0.0000,0.0000,0.0000,0.0500,0.0000
  1392,0.0000,0.0000,0.0000,0.0500,0.0000
  1393,0.0000,0.0000,0.0000,0.0500,0.0000
  1394,0.0000,0.0000,0.0000,0.0500,0.0000
  1395,0.0000,0.0000,0.0000,0.0500,0.0000
  1396,0.0000,0.0000,0.0000,0.0500,0.0000
  1397,0.0000,0.0000,0.0000,0.0500,0.0000
  1398,3129.6189,3129.6189,0.0000,0.0000,0.0000
  1399,0.0000,0.0000,0.0000,0.0500,0.0000
  1400,0.0000,0.0000,0.0000,0.0500,0.0000
  1401,0.0000,0.0000,0.0000,0.0500,0.0000
  1402,0.0000,0.0000,0.0000,0.0500,0.0000
  1403,0.0000,0.0000,0.0000,0.0500,0.0000
  1404,0.0000,0.0000,0.0000,0.0500,0.0000
  1405,0.0000,0.0000,0.0000,0.0500,0.0000
  1406,0.0000,0.0000,0.0000,0.0100,0.0000
  1407,357.1457,357.1457,0.0000,0.0000,0.0000
  1408,357.1477,357.1477,0.0000,0.0000,0.0000
  1409,357.1432,357.1432,0.0000,0.0000,0.0000
  1410,357.1431,357.1431,0.0000,0.0000,0.0000
  1411,0.0000,0.0000,0.0000,0.0500,0.0000
  1412,357.1435,357.1435,0.0000,0.0000,0.0000
  1413,357.1432,357.1432,0.0000,0.0000,0.0000
  1414,0.0000,0.0000,0.0000,0.0100,0.0000
  1415,357.1454,357.1454,0.0000,0.0000,0.0000
  1416,357.1432,357.1432,0.0000,0.0000,0.0000
  1417,357.1434,357.1434,0.0000,0.0000,0.0000
  1418,0.0000,0.0000,0.0000,0.0000,0.0000
  1419,0.0000,0.0000,0.0000,0.0000,0.0000
  1420,521.3482,521.3482,0.0000,0.0000,0.0000
  1421,0.0000,0.0000,0.0000,0.0000,0.0000
  1422,0.0000,0.0000,0.0000,0.0000,0.0000
  1423,0.0000,0.0000,0.0000,0.0000,0.0000
  1424,0.0000,0.0000,0.0000,0.0000,0.0000
  1425,0.0000,0.0000,0.0000,0.0000,0.0000
  1426,0.0000,0.0000,0.0000,0.0000,0.0000
  1427,0.0000,0.0000,0.0000,0.0000,0.0000
  1428,0.0000,0.0000,0.0000,0.0500,0.0000
  1429,357.1448,357.1448,0.0000,0.0000,0.0000
  1430,357.1701,357.1701,0.0000,0.0000,0.0000
  1431,0.0000,0.0000,0.0000,0.0500,0.0000
  1432,0.0000,0.0000,0.0000,0.0500,0.0000
  1433,0.0000,0.0000,0.0000,0.0500,0.0000
  1434,795.7610,795.7610,0.0000,0.0000,0.0000
  1435,0.0000,0.0000,0.0000,0.0000,0.0000
  1436,1451.2302,1451.2302,0.0000,0.0000,0.0000
  1437,0.0000,0.0000,0.0000,0.0000,0.0000
  1438,0.0000,0.0000,0.0000,0.0000,0.0000
  1439,3849.6935,3849.6935,0.0000,0.0000,0.0000
  1440,6779.8558,6779.8558,0.0000,0.0000,0.0000
  1441,2640.0967,2640.0967,0.0000,0.0000,0.0000
  1442,2191.8705,2191.8705,0.0000,0.0000,0.0000
  1443,1141.3883,1141.3883,0.0000,0.0000,0.0000
  1444,375.1846,375.1846,0.0000,0.0000,0.0000
  1445,368.3786,368.3786,0.0000,0.0000,0.0000
  1446,484.0875,484.0875,0.0000,0.0000,0.0000
  1447,5374.3478,5374.3478,0.0000,0.0000,0.0000
  1448,0.0000,0.0000,0.0000,0.0100,0.0000
  1449,0.0000,0.0000,0.0000,0.0100,0.0000
  1450,0.0000,0.0000,0.0000,0.0100,0.0000
  1451,917.0653,917.0653,0.0000,0.0000,0.0000
  1452,0.0000,0.0000,0.0000,0.0100,0.0000
  1453,358.5161,358.5161,0.0000,0.0000,0.0000
  1454,0.0000,0.0000,0.0000,0.0500,0.0000
  1455,0.0000,0.0000,0.0000,0.0500,0.0000
  1456,0.0000,0.0000,0.0000,0.0500,0.0000
  1457,0.0000,0.0000,0.0000,0.0500,0.0000
  1458,0.0000,0.0000,0.0000,0.0500,0.0000
  1459,0.0000,0.0000,0.0000,0.0500,0.0000
  1460,0.0000,0.0000,0.0000,0.0100,0.0000
  1461,0.0000,0.0000,0.0000,0.0000,0.0000
  1462,0.0000,0.0000,0.0000,0.0500,0.0000
  1463,357.1460,357.1460,0.0000,0.0000,0.0000
  1464,0.0000,0.0000,0.0000,0.0000,0.0000
  1465,357.1439,357.1439,0.0000,0.0000,0.0000
  1466,357.1430,357.1430,0.0000,0.0000,0.0000
  1467,0.0000,0.0000,0.0000,0.0500,0.0000
  1468,0.0000,0.0000,0.0000,0.0500,0.0000
  1469,0.0000,0.0000,0.0000,0.0500,0.0000
  1470,357.1446,357.1446,0.0000,0.0000,0.0000
  1471,357.1443,357.1443,0.0000,0.0000,0.0000
  1472,357.1431,357.1431,0.0000,0.0000,0.0000
  1473,0.0000,0.0000,0.0000,0.0500,0.0000
  1474,357.1430,357.1430,0.0000,0.0000,0.0000
  1475,0.0000,0.0000,0.0000,0.0500,0.0000
  1476,357.1432,357.1432,0.0000,0.0000,0.0000
  1477,357.1436,357.1436,0.0000,0.0000,0.0000
  1478,357.1440,357.1440,0.0000,0.0000,0.0000
  1479,357.1435,357.1435,0.0000,0.0000,0.0000
  1480,357.1432,357.1432,0.0000,0.0000,0.0000
  1481,0.0000,0.0000,0.0000,0.0000,0.0000
  1482,0.0000,0.0000,0.0000,0.0000,0.0000
  1483,0.0000,0.0000,0.0000,0.0000,0.0000
  1484,0.0000,0.0000,0.0000,0.0000,0.0000
  1485,0.0000,0.0000,0.0000,0.0000,0.0000
  1486,0.0000,0.0000,0.0000,0.0000,0.0000
  1487,0.0000,0.0000,0.0000,0.0000,0.0000
  1488,0.0000,0.0000,0.0000,0.0000,0.0000
  1489,0.0000,0.0000,0.0000,0.0000,0.0000
  1490,0.0000,0.0000,0.0000,0.0000,0.0000
  1491,0.0000,0.0000,0.0000,0.0000,0.0000
  1492,357.1484,357.1484,0.0000,0.0000,0.0000
  1493,0.0000,0.0000,0.0000,0.0500,0.0000
  1494,0.0000,0.0000,0.0000,0.0000,0.0000
  1495,0.0000,0.0000,0.0000,0.0500,0.0000
  1496,0.0000,0.0000,0.0000,0.0000,0.0000
  1497,0.0000,0.0000,0.0000,0.0500,0.0000
  1498,673.2446,673.2446,0.0000,0.0000,0.0000
  1499,0.0000,0.0000,0.0000,0.0000,0.0000
  1500,937.1973,937.1973,0.0000,0.0000,0.0000
  1501,1146.8314,1146.8314,0.0000,0.0000,0.0000
  1502,0.0000,0.0000,0.0000,0.0000,0.0000
  1503,0.0000,0.0000,0.0000,0.0000,0.0000
  1504,1317.1115,1317.1115,0.0000,0.0000,0.0000
  1505,948.1336,948.1336,0.0000,0.0000,0.0000
  1506,1341.7535,1341.7535,0.0000,0.0000,0.0000
  1507,746.4436,746.4436,0.0000,0.0000,0.0000
  1508,406.8637,406.8637,0.0000,0.0000,0.0000
  1509,558.4117,558.4117,0.0000,0.0000,0.0000
  1510,0.0000,0.0000,0.0000,0.0100,0.0000
  1511,0.0000,0.0000,0.0000,0.0100,0.0000
  1512,0.0000,0.0000,0.0000,0.0000,0.0000
  1513,0.0000,0.0000,0.0000,0.0100,0.0000
  1514,0.0000,0.0000,0.0000,0.0100,0.0000
  1515,0.0000,0.0000,0.0000,0.0100,0.0000
  1516,0.0000,0.0000,0.0000,0.0100,0.0000
  1517,0.0000,0.0000,0.0000,0.0100,0.0000
  1518,0.0000,0.0000,0.0000,0.0100,0.0000
  1519,0.0000,0.0000,0.0000,0.0500,0.0000
  1520,0.0000,0.0000,0.0000,0.0100,0.0000
  1521,0.0000,0.0000,0.0000,0.0500,0.0000
  1522,371.2014,371.2014,0.0000,0.0000,0.0000
  1523,0.0000,0.0000,0.0000,0.0500,0.0000
  1524,0.0000,0.0000,0.0000,0.0500,0.0000
  1525,0.0000,0.0000,0.0000,0.0500,0.0000
  1526,0.0000,0.0000,0.0000,0.0500,0.0000
  1527,0.0000,0.0000,0.0000,0.0500,0.0000
  1528,0.0000,0.0000,0.0000,0.0500,0.0000
  1529,0.0000,0.0000,0.0000,0.0500,0.0000
  1530,0.0000,0.0000,0.0000,0.0100,0.0000
  1531,448.1892,448.1892,0.0000,0.0000,0.0000
  1532,921.3076,921.3076,0.0000,0.0000,0.0000
  1533,0.0000,0.0000,0.0000,0.0500,0.0000
  1534,357.1450,357.1450,0.0000,0.0000,0.0000
  1535,357.1446,357.1446,0.0000,0.0000,0.0000
  1536,357.1429,357.1429,0.0000,0.0000,0.0000
  1537,357.1432,357.1432,0.0000,0.0000,0.0000
  1538,0.0000,0.0000,0.0000,0.0500,0.0000
  1539,0.0000,0.0000,0.0000,0.0500,0.0000
  1540,357.1436,357.1436,0.0000,0.0000,0.0000
  1541,357.1449,357.1449,0.0000,0.0000,0.0000
  1542,357.1432,357.1432,0.0000,0.0000,0.0000
  1543,357.1431,357.1431,0.0000,0.0000,0.0000
  1544,357.1431,357.1431,0.0000,0.0000,0.0000
  1545,357.1431,357.1431,0.0000,0.0000,0.0000
  1546,357.1430,357.1430,0.0000,0.0000,0.0000
  1547,357.1434,357.1434,0.0000,0.0000,0.0000
  1548,357.1435,357.1435,0.0000,0.0000,0.0000
  1549,0.0000,0.0000,0.0000,0.0100,0.0000
  1550,0.0000,0.0000,0.0000,0.0000,0.0000
  1551,0.0000,0.0000,0.0000,0.0000,0.0000
  1552,0.0000,0.0000,0.0000,0.0000,0.0000
  1553,17565.9117,17565.9117,0.0000,0.0000,0.0000
  1554,0.0000,0.0000,0.0000,0.0000,0.0000
  1555,0.0000,0.0000,0.0000,0.0000,0.0000
  1556,0.0000,0.0000,0.0000,0.0000,0.0000
  1557,0.0000,0.0000,0.0000,0.0000,0.0000
  1558,430.1745,430.1745,0.0000,0.0000,0.0000
  1559,375.6051,375.6051,0.0000,0.0000,0.0000
  1560,0.0000,0.0000,0.0000,0.0500,0.0000
  1561,0.0000,0.0000,0.0000,0.0500,0.0000
  1562,0.0000,0.0000,0.0000,0.0000,0.0000
  1563,0.0000,0.0000,0.0000,0.0500,0.0000
  1564,0.0000,0.0000,0.0000,0.0000,0.0000
  1565,0.0000,0.0000,0.0000,0.0500,0.0000
  1566,0.0000,0.0000,0.0000,0.0000,0.0000
  1567,0.0000,0.0000,0.0000,0.0500,0.0000
  1568,0.0000,0.0000,0.0000,0.0000,0.0000
  1569,664.1693,664.1693,0.0000,0.0000,0.0000
  1570,0.0000,0.0000,0.0000,0.0000,0.0000
  1571,16979.0187,16979.0187,0.0000,0.0000,0.0000
  1572,0.0000,0.0000,0.0000,0.0000,0.0000
  1573,0.0000,0.0000,0.0000,0.0000,0.0000
  1574,1033.2395,1033.2395,0.0000,0.0000,0.0000
  1575,691.6335,691.6335,0.0000,0.0000,0.0000
  1576,870.5004,870.5004,0.0000,0.0000,0.0000
  1577,1147.6917,1147.6917,0.0000,0.0000,0.0000
  1578,1452.5430,1452.5430,0.0000,0.0000,0.0000
  1579,1306.8444,1306.8444,0.0000,0.0000,0.0000
  1580,970.5160,970.5160,0.0000,0.0000,0.0000
  1581,0.0000,0.0000,0.0000,0.0000,0.0000
  1582,605.0974,605.0974,0.0000,0.0000,0.0000
  1583,0.0000,0.0000,0.0000,0.0100,0.0000
  1584,0.0000,0.0000,0.0000,0.0000,0.0000
  1585,0.0000,0.0000,0.0000,0.0000,0.0000
  1586,0.0000,0.0000,0.0000,0.0000,0.0000
  1587,0.0000,0.0000,0.0000,0.0100,0.0000
  1588,0.0000,0.0000,0.0000,0.0100,0.0000
  1589,0.0000,0.0000,0.0000,0.0100,0.0000
  1590,0.0000,0.0000,0.0000,0.0100,0.0000
  1591,0.0000,0.0000,0.0000,0.0100,0.0000
  1592,0.0000,0.0000,0.0000,0.0100,0.0000
  1593,0.0000,0.0000,0.0000,0.0500,0.0000
  1594,0.0000,0.0000,0.0000,0.0100,0.0000
  1595,0.0000,0.0000,0.0000,0.0100,0.0000
  1596,0.0000,0.0000,0.0000,0.0100,0.0000
  1597,369.2138,369.2138,0.0000,0.0000,0.0000
  1598,622.8556,622.8556,0.0000,0.0000,0.0000
  1599,0.0000,0.0000,0.0000,0.0500,0.0000
  1600,7466.5404,7466.5404,0.0000,0.0000,0.0000
  1601,13193.8242,13193.8242,0.0000,0.0000,0.0000
  1602,0.0000,0.0000,0.0000,0.0500,0.0000
  1603,0.0000,0.0000,0.0000,0.0500,0.0000
  1604,0.0000,0.0000,0.0000,0.0500,0.0000
  1605,0.0000,0.0000,0.0000,0.0500,0.0000
  1606,0.0000,0.0000,0.0000,0.0500,0.0000
  1607,0.0000,0.0000,0.0000,0.0500,0.0000
  1608,0.0000,0.0000,0.0000,0.0100,0.0000
  1609,0.0000,0.0000,0.0000,0.0500,0.0000
  1610,16244.8639,16244.8639,0.0000,0.0000,0.0000
  1611,0.0000,0.0000,0.0000,0.0500,0.0000
  1612,0.0000,0.0000,0.0000,0.0500,0.0000
  1613,0.0000,0.0000,0.0000,0.0500,0.0000
  1614,357.1430,357.1430,0.0000,0.0000,0.0000
  1615,357.1429,357.1429,0.0000,0.0000,0.0000
  1616,0.0000,0.0000,0.0000,0.0500,0.0000
  1617,357.1443,357.1443,0.0000,0.0000,0.0000
  1618,0.0000,0.0000,0.0000,0.0500,0.0000
  1619,357.1433,357.1433,0.0000,0.0000,0.0000
  1620,357.1431,357.1431,0.0000,0.0000,0.0000
  1621,357.1430,357.1430,0.0000,0.0000,0.0000
  1622,357.1430,357.1430,0.0000,0.0000,0.0000
  1623,357.1429,357.1429,0.0000,0.0000,0.0000
  1624,357.1432,357.1432,0.0000,0.0000,0.0000
  1625,357.1429,357.1429,0.0000,0.0000,0.0000
  1626,357.1435,357.1435,0.0000,0.0000,0.0000
  1627,0.0000,0.0000,0.0000,0.0500,0.0000
  1628,0.0000,0.0000,0.0000,0.0000,0.0000
  1629,0.0000,0.0000,0.0000,0.0000,0.0000
  1630,17810.3579,17810.3579,0.0000,0.0000,0.0000
  1631,0.0000,0.0000,0.0000,0.0000,0.0000
  1632,0.0000,0.0000,0.0000,0.0000,0.0000
  1633,0.0000,0.0000,0.0000,0.0000,0.0000
  1634,452.0687,452.0687,0.0000,0.0000,0.0000
  1635,486.1372,486.1372,0.0000,0.0000,0.0000
  1636,0.0000,0.0000,0.0000,0.0000,0.0000
  1637,0.0000,0.0000,0.0000,0.0500,0.0000
  1638,0.0000,0.0000,0.0000,0.0000,0.0000
  1639,0.0000,0.0000,0.0000,0.0500,0.0000
  1640,0.0000,0.0000,0.0000,0.0000,0.0000
  1641,0.0000,0.0000,0.0000,0.0500,0.0000
  1642,0.0000,0.0000,0.0000,0.0000,0.0000
  1643,0.0000,0.0000,0.0000,0.0500,0.0000
  1644,0.0000,0.0000,0.0000,0.0000,0.0000
  1645,0.0000,0.0000,0.0000,0.0500,0.0000
  1646,669.4516,669.4516,0.0000,0.0000,0.0000
  1647,0.0000,0.0000,0.0000,0.0000,0.0000
  1648,0.0000,0.0000,0.0000,0.0000,0.0000
  1649,761.4892,761.4892,0.0000,0.0000,0.0000
  1650,680.8381,680.8381,0.0000,0.0000,0.0000
  1651,0.0000,0.0000,0.0000,0.0000,0.0000
  1652,1902.1848,1902.1848,0.0000,0.0000,0.0000
  1653,923.7517,923.7517,0.0000,0.0000,0.0000
  1654,1299.6798,1299.6798,0.0000,0.0000,0.0000
  1655,1514.0844,1514.0844,0.0000,0.0000,0.0000
  1656,5040.9742,5040.9742,0.0000,0.0000,0.0000
  1657,1447.5565,1447.5565,0.0000,0.0000,0.0000
  1658,6866.8790,6866.8790,0.0000,0.0000,0.0000
  1659,2012.0157,2012.0157,0.0000,0.0000,0.0000
  1660,0.0000,0.0000,0.0000,0.0000,0.0000
  1661,0.0000,0.0000,0.0000,0.0000,0.0000
  1662,0.0000,0.0000,0.0000,0.0500,0.0000
  1663,0.0000,0.0000,0.0000,0.0000,0.0000
  1664,0.0000,0.0000,0.0000,0.0000,0.0000
  1665,0.0000,0.0000,0.0000,0.0000,0.0000
  1666,0.0000,0.0000,0.0000,0.0100,0.0000
  1667,0.0000,0.0000,0.0000,0.0100,0.0000
  1668,0.0000,0.0000,0.0000,0.0000,0.0000
  1669,0.0000,0.0000,0.0000,0.0100,0.0000
  1670,0.0000,0.0000,0.0000,0.0100,0.0000
  1671,0.0000,0.0000,0.0000,0.0500,0.0000
  1672,0.0000,0.0000,0.0000,0.0100,0.0000
  1673,0.0000,0.0000,0.0000,0.0100,0.0000
  1674,0.0000,0.0000,0.0000,0.0500,0.0000
  1675,0.0000,0.0000,0.0000,0.0100,0.0000
  1676,0.0000,0.0000,0.0000,0.0100,0.0000
  1677,458.2890,458.2890,0.0000,0.0000,0.0000
  1678,1257.1445,1257.1445,0.0000,0.0000,0.0000
  1679,357.7647,357.7647,0.0000,0.0000,0.0000
  1680,5557.8855,5557.8855,0.0000,0.0000,0.0000
  1681,12810.0530,12810.0530,0.0000,0.0000,0.0000
  1682,0.0000,0.0000,0.0000,0.0500,0.0000
  1683,15254.9724,15254.9724,0.0000,0.0000,0.0000
  1684,0.0000,0.0000,0.0000,0.0500,0.0000
  1685,0.0000,0.0000,0.0000,0.0500,0.0000
  1686,0.0000,0.0000,0.0000,0.0500,0.0000
  1687,0.0000,0.0000,0.0000,0.0500,0.0000
  1688,0.0000,0.0000,0.0000,0.0500,0.0000
  1689,0.0000,0.0000,0.0000,0.0500,0.0000
  1690,0.0000,0.0000,0.0000,0.0500,0.0000
  1691,0.0000,0.0000,0.0000,0.0500,0.0000
  1692,0.0000,0.0000,0.0000,0.0100,0.0000
  1693,0.0000,0.0000,0.0000,0.0500,0.0000
  1694,0.0000,0.0000,0.0000,0.0500,0.0000
  1695,0.0000,0.0000,0.0000,0.0100,0.0000
  1696,357.1430,357.1430,0.0000,0.0000,0.0000
  1697,0.0000,0.0000,0.0000,0.0500,0.0000
  1698,357.1434,357.1434,0.0000,0.0000,0.0000
  1699,357.1430,357.1430,0.0000,0.0000,0.0000
  1700,357.1429,357.1429,0.0000,0.0000,0.0000
  1701,357.1431,357.1431,0.0000,0.0000,0.0000
  1702,357.1429,357.1429,0.0000,0.0000,0.0000
  1703,357.1431,357.1431,0.0000,0.0000,0.0000
  1704,357.1433,357.1433,0.0000,0.0000,0.0000
  1705,0.0000,0.0000,0.0000,0.0500,0.0000
  1706,0.0000,0.0000,0.0000,0.0500,0.0000
  1707,0.0000,0.0000,0.0000,0.0000,0.0000
  1708,17892.4331,17892.4331,0.0000,0.0000,0.0000
  1709,453.3423,453.3423,0.0000,0.0000,0.0000
  1710,0.0000,0.0000,0.0000,0.0000,0.0000
  1711,0.0000,0.0000,0.0000,0.0000,0.0000
  1712,0.0000,0.0000,0.0000,0.0000,0.0000
  1713,0.0000,0.0000,0.0000,0.0000,0.0000
  1714,0.0000,0.0000,0.0000,0.0000,0.0000
  1715,0.0000,0.0000,0.0000,0.0500,0.0000
  1716,0.0000,0.0000,0.0000,0.0000,0.0000
  1717,358.6221,358.6221,0.0000,0.0000,0.0000
  1718,0.0000,0.0000,0.0000,0.0000,0.0000
  1719,357.7716,357.7716,0.0000,0.0000,0.0000
  1720,0.0000,0.0000,0.0000,0.0000,0.0000
  1721,0.0000,0.0000,0.0000,0.0500,0.0000
  1722,0.0000,0.0000,0.0000,0.0000,0.0000
  1723,0.0000,0.0000,0.0000,0.0500,0.0000
  1724,0.0000,0.0000,0.0000,0.0000,0.0000
  1725,0.0000,0.0000,0.0000,0.0500,0.0000
  1726,1984.4129,1984.4129,0.0000,0.0000,0.0000
  1727,0.0000,0.0000,0.0000,0.0000,0.0000
  1728,854.6734,854.6734,0.0000,0.0000,0.0000
  1729,1024.1325,1024.1325,0.0000,0.0000,0.0000
  1730,1715.2950,1715.2950,0.0000,0.0000,0.0000
  1731,0.0000,0.0000,0.0000,0.0000,0.0000
  1732,0.0000,0.0000,0.0000,0.0000,0.0000
  1733,3249.0953,3249.0953,0.0000,0.0000,0.0000
  1734,1666.0562,1666.0562,0.0000,0.0000,0.0000
  1735,640.8770,640.8770,0.0000,0.0000,0.0000
  1736,0.0000,0.0000,0.0000,0.0000,0.0000
  1737,0.0000,0.0000,0.0000,0.0000,0.0000
  1738,6124.9295,6124.9295,0.0000,0.0000,0.0000
  1739,11789.9330,11789.9330,0.0000,0.0000,0.0000
  1740,0.0000,0.0000,0.0000,0.0000,0.0000
  1741,2168.9530,2168.9530,0.0000,0.0000,0.0000
  1742,0.0000,0.0000,0.0000,0.0500,0.0000
  1743,15768.2774,15768.2774,0.0000,0.0000,0.0000
  1744,11432.2136,11432.2136,0.0000,0.0000,0.0000
  1745,17453.1591,17453.1591,0.0000,0.0000,0.0000
  1746,0.0000,0.0000,0.0000,0.0100,0.0000
  1747,0.0000,0.0000,0.0000,0.0500,0.0000
  1748,0.0000,0.0000,0.0000,0.0100,0.0000
  1749,1058.8358,1058.8358,0.0000,0.0000,0.0000
  1750,0.0000,0.0000,0.0000,0.0100,0.0000
  1751,0.0000,0.0000,0.0000,0.0500,0.0000
  1752,0.0000,0.0000,0.0000,0.0100,0.0000
  1753,0.0000,0.0000,0.0000,0.0100,0.0000
  1754,1113.9878,1113.9878,0.0000,0.0000,0.0000
  1755,370.7557,370.7557,0.0000,0.0000,0.0000
  1756,0.0000,0.0000,0.0000,0.0500,0.0000
  1757,357.3615,357.3615,0.0000,0.0000,0.0000
  1758,11654.1207,11654.1207,0.0000,0.0000,0.0000
  1759,13266.2435,13266.2435,0.0000,0.0000,0.0000
  1760,6625.6658,6625.6658,0.0000,0.0000,0.0000
  1761,12454.9773,12454.9773,0.0000,0.0000,0.0000
  1762,0.0000,0.0000,0.0000,0.0500,0.0000
  1763,0.0000,0.0000,0.0000,0.0500,0.0000
  1764,0.0000,0.0000,0.0000,0.0500,0.0000
  1765,0.0000,0.0000,0.0000,0.0500,0.0000
  1766,357.1431,357.1431,0.0000,0.0000,0.0000
  1767,5215.0534,5215.0534,0.0000,0.0000,0.0000
  1768,505.0689,505.0689,0.0000,0.0000,0.0000
  1769,0.0000,0.0000,0.0000,0.0500,0.0000
  1770,10241.9797,10241.9797,0.0000,0.0000,0.0000
  1771,0.0000,0.0000,0.0000,0.0500,0.0000
  1772,0.0000,0.0000,0.0000,0.0100,0.0000
  1773,0.0000,0.0000,0.0000,0.0500,0.0000
  1774,357.1429,357.1429,0.0000,0.0000,0.0000
  1775,357.1430,357.1430,0.0000,0.0000,0.0000
  1776,357.1429,357.1429,0.0000,0.0000,0.0000
  1777,0.0000,0.0000,0.0000,0.0500,0.0000
  1778,0.0000,0.0000,0.0000,0.0500,0.0000
  1779,0.0000,0.0000,0.0000,0.0500,0.0000
  1780,0.0000,0.0000,0.0000,0.0500,0.0000
  1781,357.1430,357.1430,0.0000,0.0000,0.0000
  1782,357.1429,357.1429,0.0000,0.0000,0.0000
  1783,357.1432,357.1432,0.0000,0.0000,0.0000
  1784,357.1432,357.1432,0.0000,0.0000,0.0000
  1785,0.0000,0.0000,0.0000,0.0500,0.0000
  1786,0.0000,0.0000,0.0000,0.0500,0.0000
  1787,0.0000,0.0000,0.0000,0.0500,0.0000
  1788,0.0000,0.0000,0.0000,0.0500,0.0000
  1789,17894.3387,17894.3387,0.0000,0.0000,0.0000
  1790,0.0000,0.0000,0.0000,0.0000,0.0000
  1791,17898.0623,17898.0623,0.0000,0.0000,0.0000
  1792,0.0000,0.0000,0.0000,0.0000,0.0000
  1793,0.0000,0.0000,0.0000,0.0000,0.0000
  1794,0.0000,0.0000,0.0000,0.0000,0.0000
  1795,0.0000,0.0000,0.0000,0.0000,0.0000
  1796,0.0000,0.0000,0.0000,0.0500,0.0000
  1797,0.0000,0.0000,0.0000,0.0000,0.0000
  1798,358.0285,358.0285,0.0000,0.0000,0.0000
  1799,0.0000,0.0000,0.0000,0.0000,0.0000
  1800,357.6939,357.6939,0.0000,0.0000,0.0000
  1801,0.0000,0.0000,0.0000,0.0000,0.0000
  1802,357.5189,357.5189,0.0000,0.0000,0.0000
  1803,0.0000,0.0000,0.0000,0.0000,0.0000
  1804,0.0000,0.0000,0.0000,0.0500,0.0000
  1805,0.0000,0.0000,0.0000,0.0000,0.0000
  1806,0.0000,0.0000,0.0000,0.0500,0.0000
  1807,0.0000,0.0000,0.0000,0.0000,0.0000
  1808,0.0000,0.0000,0.0000,0.0500,0.0000
  1809,0.0000,0.0000,0.0000,0.0000,0.0000
  1810,0.0000,0.0000,0.0000,0.0000,0.0000
  1811,0.0000,0.0000,0.0000,0.0000,0.0000
  1812,0.0000,0.0000,0.0000,0.0000,0.0000
  1813,11439.6532,11439.6532,0.0000,0.0000,0.0000
  1814,15183.0034,15183.0034,0.0000,0.0000,0.0000
  1815,0.0000,0.0000,0.0000,0.0000,0.0000
  1816,0.0000,0.0000,0.0000,0.0000,0.0000
  1817,0.0000,0.0000,0.0000,0.0000,0.0000
  1818,0.0000,0.0000,0.0000,0.0000,0.0000
  1819,0.0000,0.0000,0.0000,0.0000,0.0000
  1820,16262.3527,16262.3527,0.0000,0.0000,0.0000
  1821,14959.9096,14959.9096,0.0000,0.0000,0.0000
  1822,17484.4512,17484.4512,0.0000,0.0000,0.0000
  1823,17397.3696,17397.3696,0.0000,0.0000,0.0000
  1824,17718.6762,17718.6762,0.0000,0.0000,0.0000
  1825,17554.0159,17554.0159,0.0000,0.0000,0.0000
  1826,0.0000,0.0000,0.0000,0.0000,0.0000
  1827,0.0000,0.0000,0.0000,0.0500,0.0000
  1828,0.0000,0.0000,0.0000,0.0000,0.0000
  1829,14003.1659,14003.1659,0.0000,0.0000,0.0000
  1830,0.0000,0.0000,0.0000,0.0000,0.0000
  1831,14149.4325,14149.4325,0.0000,0.0000,0.0000
  1832,17505.9173,17505.9173,0.0000,0.0000,0.0000
  1833,0.0000,0.0000,0.0000,0.0500,0.0000
  1834,0.0000,0.0000,0.0000,0.0500,0.0000
  1835,429.5451,429.5451,0.0000,0.0000,0.0000
  1836,0.0000,0.0000,0.0000,0.0100,0.0000
  1837,0.0000,0.0000,0.0000,0.0100,0.0000
  1838,0.0000,0.0000,0.0000,0.0500,0.0000
  1839,0.0000,0.0000,0.0000,0.0500,0.0000
  1840,0.0000,0.0000,0.0000,0.0500,0.0000
  1841,468.6409,468.6409,0.0000,0.0000,0.0000
  1842,3418.3603,3418.3603,0.0000,0.0000,0.0000
  1843,357.9094,357.9094,0.0000,0.0000,0.0000
  1844,357.1666,357.1666,0.0000,0.0000,0.0000
  1845,357.1455,357.1455,0.0000,0.0000,0.0000
  1846,12674.9319,12674.9319,0.0000,0.0000,0.0000
  1847,10530.5311,10530.5311,0.0000,0.0000,0.0000
  1848,9746.8172,9746.8172,0.0000,0.0000,0.0000
  1849,0.0000,0.0000,0.0000,0.0500,0.0000
  1850,0.0000,0.0000,0.0000,0.0500,0.0000
  1851,3552.3546,3552.3546,0.0000,0.0000,0.0000
  1852,0.0000,0.0000,0.0000,0.0500,0.0000
  1853,0.0000,0.0000,0.0000,0.0500,0.0000
  1854,357.1431,357.1431,0.0000,0.0000,0.0000
  1855,0.0000,0.0000,0.0000,0.0500,0.0000
  1856,0.0000,0.0000,0.0000,0.0500,0.0000
  1857,7828.3270,7828.3270,0.0000,0.0000,0.0000
  1858,7999.4306,7999.4306,0.0000,0.0000,0.0000
  1859,0.0000,0.0000,0.0000,0.0500,0.0000
  1860,1945.9192,1945.9192,0.0000,0.0000,0.0000
  1861,401.0265,401.0265,0.0000,0.0000,0.0000
  1862,0.0000,0.0000,0.0000,0.0100,0.0000
  1863,3521.9817,3521.9817,0.0000,0.0000,0.0000
  1864,0.0000,0.0000,0.0000,0.0100,0.0000
  1865,0.0000,0.0000,0.0000,0.0500,0.0000
  1866,369.4294,369.4294,0.0000,0.0000,0.0000
  1867,629.1256,629.1256,0.0000,0.0000,0.0000
  1868,357.1429,357.1429,0.0000,0.0000,0.0000
  1869,357.1429,357.1429,0.0000,0.0000,0.0000
  1870,0.0000,0.0000,0.0000,0.0500,0.0000
  1871,0.0000,0.0000,0.0000,0.0500,0.0000
  1872,357.1430,357.1430,0.0000,0.0000,0.0000
  1873,0.0000,0.0000,0.0000,0.0500,0.0000
  1874,0.0000,0.0000,0.0000,0.0500,0.0000
  1875,357.1431,357.1431,0.0000,0.0000,0.0000
  1876,357.1434,357.1434,0.0000,0.0000,0.0000
  1877,357.1435,357.1435,0.0000,0.0000,0.0000
  1878,0.0000,0.0000,0.0000,0.0500,0.0000
  1879,0.0000,0.0000,0.0000,0.0500,0.0000
  1880,0.0000,0.0000,0.0000,0.0100,0.0000
  1881,0.0000,0.0000,0.0000,0.0500,0.0000
  1882,0.0000,0.0000,0.0000,0.0000,0.0000
  1883,0.0000,0.0000,0.0000,0.0000,0.0000
  1884,0.0000,0.0000,0.0000,0.0000,0.0000
  1885,0.0000,0.0000,0.0000,0.0000,0.0000
  1886,0.0000,0.0000,0.0000,0.0000,0.0000
  1887,0.0000,0.0000,0.0000,0.0500,0.0000
  1888,0.0000,0.0000,0.0000,0.0000,0.0000
  1889,357.9255,357.9255,0.0000,0.0000,0.0000
  1890,0.0000,0.0000,0.0000,0.0000,0.0000
  1891,357.7364,357.7364,0.0000,0.0000,0.0000
  1892,0.0000,0.0000,0.0000,0.0000,0.0000
  1893,357.5244,357.5244,0.0000,0.0000,0.0000
  1894,0.0000,0.0000,0.0000,0.0000,0.0000
  1895,357.4064,357.4064,0.0000,0.0000,0.0000
  1896,0.0000,0.0000,0.0000,0.0000,0.0000
  1897,357.2641,357.2641,0.0000,0.0000,0.0000
  1898,0.0000,0.0000,0.0000,0.0000,0.0000
  1899,357.1697,357.1697,0.0000,0.0000,0.0000
  1900,0.0000,0.0000,0.0000,0.0000,0.0000
  1901,357.1484,357.1484,0.0000,0.0000,0.0000
  1902,17772.1493,17772.1493,0.0000,0.0000,0.0000
  1903,17596.7975,17596.7975,0.0000,0.0000,0.0000
  1904,0.0000,0.0000,0.0000,0.0000,0.0000
  1905,0.0000,0.0000,0.0000,0.0000,0.0000
  1906,0.0000,0.0000,0.0000,0.0000,0.0000
  1907,0.0000,0.0000,0.0000,0.0000,0.0000
  1908,0.0000,0.0000,0.0000,0.0000,0.0000
  1909,0.0000,0.0000,0.0000,0.0000,0.0000
  1910,16761.8116,16761.8116,0.0000,0.0000,0.0000
  1911,0.0000,0.0000,0.0000,0.0000,0.0000
  1912,6161.4771,6161.4771,0.0000,0.0000,0.0000
  1913,0.0000,0.0000,0.0000,0.0000,0.0000
  1914,0.0000,0.0000,0.0000,0.0000,0.0000
  1915,0.0000,0.0000,0.0000,0.0000,0.0000
  1916,0.0000,0.0000,0.0000,0.0000,0.0000
  1917,0.0000,0.0000,0.0000,0.0500,0.0000
  1918,0.0000,0.0000,0.0000,0.0000,0.0000
  1919,0.0000,0.0000,0.0000,0.0000,0.0000
  1920,14009.2403,14009.2403,0.0000,0.0000,0.0000
  1921,0.0000,0.0000,0.0000,0.0000,0.0000
  1922,0.0000,0.0000,0.0000,0.0000,0.0000
  1923,0.0000,0.0000,0.0000,0.0000,0.0000
  1924,0.0000,0.0000,0.0000,0.0500,0.0000
  1925,589.6809,589.6809,0.0000,0.0000,0.0000
  1926,12293.9642,12293.9642,0.0000,0.0000,0.0000
  1927,0.0000,0.0000,0.0000,0.0500,0.0000
  1928,15815.4389,15815.4389,0.0000,0.0000,0.0000
  1929,5023.0376,5023.0376,0.0000,0.0000,0.0000
  1930,404.3759,404.3759,0.0000,0.0000,0.0000
  1931,357.5750,357.5750,0.0000,0.0000,0.0000
  1932,357.1814,357.1814,0.0000,0.0000,0.0000
  1933,357.1497,357.1497,0.0000,0.0000,0.0000
  1934,357.1438,357.1438,0.0000,0.0000,0.0000
  1935,0.0000,0.0000,0.0000,0.0500,0.0000
  1936,0.0000,0.0000,0.0000,0.0500,0.0000
  1937,8228.7264,8228.7264,0.0000,0.0000,0.0000
  1938,8922.8611,8922.8611,0.0000,0.0000,0.0000
  1939,7580.9955,7580.9955,0.0000,0.0000,0.0000
  1940,4068.0946,4068.0946,0.0000,0.0000,0.0000
  1941,0.0000,0.0000,0.0000,0.0500,0.0000
  1942,0.0000,0.0000,0.0000,0.0500,0.0000
  1943,0.0000,0.0000,0.0000,0.0500,0.0000
  1944,357.1430,357.1430,0.0000,0.0000,0.0000
  1945,1794.9165,1794.9165,0.0000,0.0000,0.0000
  1946,0.0000,0.0000,0.0000,0.0500,0.0000
  1947,2369.6264,2369.6264,0.0000,0.0000,0.0000
  1948,0.0000,0.0000,0.0000,0.0100,0.0000
  1949,0.0000,0.0000,0.0000,0.0500,0.0000
  1950,0.0000,0.0000,0.0000,0.0500,0.0000
  1951,0.0000,0.0000,0.0000,0.0500,0.0000
  1952,0.0000,0.0000,0.0000,0.0500,0.0000
  1953,0.0000,0.0000,0.0000,0.0100,0.0000
  1954,0.0000,0.0000,0.0000,0.0100,0.0000
  1955,3680.7870,3680.7870,0.0000,0.0000,0.0000
  1956,12842.8873,12842.8873,0.0000,0.0000,0.0000
  1957,844.8172,844.8172,0.0000,0.0000,0.0000
  1958,357.1429,357.1429,0.0000,0.0000,0.0000
  1959,357.1429,357.1429,0.0000,0.0000,0.0000
  1960,0.0000,0.0000,0.0000,0.0500,0.0000
  1961,357.1430,357.1430,0.0000,0.0000,0.0000
  1962,357.1431,357.1431,0.0000,0.0000,0.0000
  1963,357.1429,357.1429,0.0000,0.0000,0.0000
  1964,0.0000,0.0000,0.0000,0.0500,0.0000
  1965,0.0000,0.0000,0.0000,0.0500,0.0000
  1966,357.1432,357.1432,0.0000,0.0000,0.0000
  1967,357.1437,357.1437,0.0000,0.0000,0.0000
  1968,0.0000,0.0000,0.0000,0.0500,0.0000
  1969,0.0000,0.0000,0.0000,0.0100,0.0000
  1970,0.0000,0.0000,0.0000,0.0500,0.0000
  1971,0.0000,0.0000,0.0000,0.0500,0.0000
  1972,0.0000,0.0000,0.0000,0.0000,0.0000
  1973,0.0000,0.0000,0.0000,0.0000,0.0000
  1974,0.0000,0.0000,0.0000,0.0000,0.0000
  1975,357.1552,357.1552,0.0000,0.0000,0.0000
  1976,0.0000,0.0000,0.0000,0.0500,0.0000
  1977,0.0000,0.0000,0.0000,0.0000,0.0000
  1978,0.0000,0.0000,0.0000,0.0000,0.0000
  1979,357.5631,357.5631,0.0000,0.0000,0.0000
  1980,0.0000,0.0000,0.0000,0.0000,0.0000
  1981,357.3675,357.3675,0.0000,0.0000,0.0000
  1982,0.0000,0.0000,0.0000,0.0000,0.0000
  1983,357.3035,357.3035,0.0000,0.0000,0.0000
  1984,0.0000,0.0000,0.0000,0.0000,0.0000
  1985,357.2142,357.2142,0.0000,0.0000,0.0000
  1986,0.0000,0.0000,0.0000,0.0000,0.0000
  1987,357.1585,357.1585,0.0000,0.0000,0.0000
  1988,0.0000,0.0000,0.0000,0.0000,0.0000
  1989,357.1484,357.1484,0.0000,0.0000,0.0000
  1990,0.0000,0.0000,0.0000,0.0000,0.0000
  1991,357.1511,357.1511,0.0000,0.0000,0.0000
  1992,0.0000,0.0000,0.0000,0.0000,0.0000
  1993,0.0000,0.0000,0.0000,0.0000,0.0000
  1994,0.0000,0.0000,0.0000,0.0000,0.0000
  1995,0.0000,0.0000,0.0000,1.0000,0.9998
  1996,0.0000,0.0000,0.0000,0.0000,0.0000
  1997,0.0000,0.0000,0.0000,0.0000,0.0000
  1998,0.0000,0.0000,0.0000,0.0000,0.0000
  1999,0.0000,0.0000,0.0000,0.2500,0.0101
  2000,9226.4685,9226.4685,0.0000,0.0000,0.0000
  2001,0.0000,0.0000,0.0000,0.0000,0.0000
  2002,0.0000,0.0000,0.0000,0.0000,0.0000
  2003,0.0000,0.0000,0.0000,0.0000,0.0000
  2004,0.0000,0.0000,0.0000,0.0000,0.0000
  2005,0.0000,0.0000,0.0000,0.0000,0.0000
  2006,0.0000,0.0000,0.0000,0.0000,0.0000
  2007,364.8984,364.8984,0.0000,0.0000,0.0000
  2008,0.0000,0.0000,0.0000,0.0000,0.0000
  2009,0.0000,0.0000,0.0000,0.0000,0.0000
  2010,0.0000,0.0000,0.0000,0.0000,0.0000
  2011,0.0000,0.0000,0.0000,0.0000,0.0000
  2012,2560.4452,2560.4452,0.0000,0.0000,0.0000
  2013,17051.7857,17051.7857,0.0000,0.0000,0.0000
  2014,13061.2429,13061.2429,0.0000,0.0000,0.0000
  2015,5988.3851,5988.3851,0.0000,0.0000,0.0000
  2016,16117.1089,16117.1089,0.0000,0.0000,0.0000
  2017,357.6011,357.6011,0.0000,0.0000,0.0000
  2018,357.1754,357.1754,0.0000,0.0000,0.0000
  2019,357.1496,357.1496,0.0000,0.0000,0.0000
  2020,357.1447,357.1447,0.0000,0.0000,0.0000
  2021,357.1433,357.1433,0.0000,0.0000,0.0000
  2022,0.0000,0.0000,0.0000,0.0500,0.0000
  2023,0.0000,0.0000,0.0000,0.0500,0.0000
  2024,0.0000,0.0000,0.0000,0.0500,0.0000
  2025,0.0000,0.0000,0.0000,0.0500,0.0000
  2026,0.0000,0.0000,0.0000,0.0500,0.0000
  2027,5123.9575,5123.9575,0.0000,0.0000,0.0000
  2028,0.0000,0.0000,0.0000,0.0500,0.0000
  2029,6154.6989,6154.6989,0.0000,0.0000,0.0000
  2030,0.0000,0.0000,0.0000,0.0500,0.0000
  2031,0.0000,0.0000,0.0000,0.0500,0.0000
  2032,0.0000,0.0000,0.0000,0.0500,0.0000
  2033,0.0000,0.0000,0.0000,0.0500,0.0000
  2034,357.1431,357.1431,0.0000,0.0000,0.0000
  2035,0.0000,0.0000,0.0000,0.0500,0.0000
  2036,0.0000,0.0000,0.0000,0.0000,0.0589
  2037,1400.1290,1400.1290,0.0000,0.0000,0.0000
  2038,0.0000,0.0000,0.0000,0.0500,0.0000
  2039,0.0000,0.0000,0.0000,0.0500,0.0000
  2040,0.0000,0.0000,0.0000,0.0500,0.0000
  2041,951.3623,951.3623,0.0000,0.0000,0.0000
  2042,1156.3650,1156.3650,0.0000,0.0000,0.0000
  2043,0.0000,0.0000,0.0000,0.0100,0.0000
  2044,15357.1658,15357.1658,0.0000,0.0000,0.0000
  2045,7814.3294,7814.3294,0.0000,0.0000,0.0000
  2046,4849.0841,4849.0841,0.0000,0.0000,0.0000
  2047,0.0000,0.0000,0.0000,0.0500,0.0000
  2048,0.0000,0.0000,0.0000,0.0500,0.0000
  2049,0.0000,0.0000,0.0000,0.0500,0.0000
  2050,357.1429,357.1429,0.0000,0.0000,0.0000
  2051,357.1430,357.1430,0.0000,0.0000,0.0000
  2052,357.1435,357.1435,0.0000,0.0000,0.0000
  2053,357.1936,357.1936,0.0000,0.0000,0.0000
  2054,0.0000,0.0000,0.0000,0.0500,0.0000
  2055,357.3186,357.3186,0.0000,0.0000,0.0000
  2056,0.0000,0.0000,0.0000,0.0500,0.0000
  2057,357.1432,357.1432,0.0000,0.0000,0.0000
  2058,0.0000,0.0000,0.0000,0.0500,0.0000
  2059,0.0000,0.0000,0.0000,0.0500,0.0000
  2060,0.0000,0.0000,0.0000,0.0500,0.0000
  2061,0.0000,0.0000,0.0000,0.0500,0.0000
  2062,0.0000,0.0000,0.0000,0.0500,0.0000
  2063,0.0000,0.0000,0.0000,0.0000,0.0000
  2064,0.0000,0.0000,0.0000,0.0000,0.0000
  2065,357.2062,357.2062,0.0000,0.0000,0.0000
  2066,0.0000,0.0000,0.0000,0.0500,0.0000
  2067,0.0000,0.0000,0.0000,0.0500,0.0000
  2068,0.0000,0.0000,0.0000,0.0000,0.0000
  2069,0.0000,0.0000,0.0000,0.0500,0.0000
  2070,0.0000,0.0000,0.0000,0.0000,0.0000
  2071,0.0000,0.0000,0.0000,0.0500,0.0000
  2072,0.0000,0.0000,0.0000,0.0000,0.0000
  2073,0.0000,0.0000,0.0000,0.0500,0.0000
  2074,0.0000,0.0000,0.0000,0.0000,0.0000
  2075,0.0000,0.0000,0.0000,0.0500,0.0000
  2076,0.0000,0.0000,0.0000,0.0000,0.0000
  2077,0.0000,0.0000,0.0000,0.0500,0.0000
  2078,0.0000,0.0000,0.0000,0.0000,0.0000
  2079,0.0000,0.0000,0.0000,0.0500,0.0000
  2080,0.0000,0.0000,0.0000,0.0000,0.0000
  2081,0.0000,0.0000,0.0000,0.0500,0.0000
  2082,0.0000,0.0000,0.0000,0.0000,0.0000
  2083,357.1505,357.1505,0.0000,0.0000,0.0000
  2084,15357.2838,15357.2838,0.0000,0.0000,0.0000
  2085,17786.3605,17786.3605,0.0000,0.0000,0.0000
  2086,7590.6279,7590.6279,0.0000,0.0000,0.0000
  2087,17347.2049,17347.2049,0.0000,0.0000,0.0000
  2088,0.0000,0.0000,0.0000,0.2500,0.0100
  2089,0.0000,0.0000,0.0000,0.2500,0.0100
  2090,0.0000,0.0000,0.0000,0.2500,0.0100
  2091,0.0000,0.0000,0.0000,0.2500,0.0100
  2092,0.0000,0.0000,0.0000,0.2500,0.0105
  2093,0.0000,0.0000,0.0000,0.2500,0.0225
  2094,0.0000,0.0000,0.0000,0.2500,0.0100
  2095,0.0000,0.0000,0.0000,0.0000,0.0000
  2096,0.0000,0.0000,0.0000,0.2500,0.0100
  2097,0.0000,0.0000,0.0000,0.0000,0.0000
  2098,0.0000,0.0000,0.0000,0.0000,0.0000
  2099,0.0000,0.0000,0.0000,0.0000,0.0000
  2100,0.0000,0.0000,0.0000,0.2500,0.0100
  2101,0.0000,0.0000,0.0000,0.2500,0.0100
  2102,0.0000,0.0000,0.0000,0.2500,0.0100
  2103,17233.3204,17233.3204,0.0000,0.0000,0.0000
  2104,17146.7929,17146.7929,0.0000,0.0000,0.0000
  2105,0.0000,0.0000,0.0000,0.0000,0.0000
  2106,0.0000,0.0000,0.0000,0.0500,0.0000
  2107,0.0000,0.0000,0.0000,0.0000,0.0000
  2108,12732.1183,12732.1183,0.0000,0.0000,0.0000
  2109,357.2496,357.2496,0.0000,0.0000,0.0000
  2110,357.1488,357.1488,0.0000,0.0000,0.0000
  2111,357.1435,357.1435,0.0000,0.0000,0.0000
  2112,357.1437,357.1437,0.0000,0.0000,0.0000
  2113,357.1464,357.1464,0.0000,0.0000,0.0000
  2114,0.0000,0.0000,0.0000,0.0500,0.0000
  2115,0.0000,0.0000,0.0000,0.0500,0.0000
  2116,0.0000,0.0000,0.0000,0.0000,0.2996
  2117,0.0000,0.0000,0.0000,0.0000,0.0901
  2118,0.0000,0.0000,0.0000,0.0500,0.0000
  2119,0.0000,0.0000,0.0000,0.0500,0.0000
  2120,3937.3169,3937.3169,0.0000,0.0000,0.0000
  2121,0.0000,0.0000,0.0000,0.0500,0.0000
  2122,682.5921,682.5921,0.0000,0.0000,0.0000
  2123,0.0000,0.0000,0.0000,0.0500,0.0000
  2124,0.0000,0.0000,0.0000,0.0500,0.0000
  2125,0.0000,0.0000,0.0000,0.0500,0.0000
  2126,0.0000,0.0000,0.0000,0.0500,0.0000
  2127,0.0000,0.0000,0.0000,0.0000,0.0536
  2128,357.5109,357.5109,0.0000,0.0000,0.0000
  2129,0.0000,0.0000,0.0000,0.0500,0.0000
  2130,0.0000,0.0000,0.0000,0.0500,0.0000
  2131,0.0000,0.0000,0.0000,0.0100,0.0000
  2132,0.0000,0.0000,0.0000,0.0500,0.0000
  2133,0.0000,0.0000,0.0000,0.0500,0.0000
  2134,3889.4754,3889.4754,0.0000,0.0000,0.0000
  2135,0.0000,0.0000,0.0000,0.0100,0.0000
  2136,2023.5787,2023.5787,0.0000,0.0000,0.0000
  2137,15473.9097,15473.9097,0.0000,0.0000,0.0000
  2138,16822.2756,16822.2756,0.0000,0.0000,0.0000
  2139,12072.0951,12072.0951,0.0000,0.0000,0.0000
  2140,11425.7260,11425.7260,0.0000,0.0000,0.0000
  2141,14002.7354,14002.7354,0.0000,0.0000,0.0000
  2142,0.0000,0.0000,0.0000,0.0500,0.0000
  2143,0.0000,0.0000,0.0000,0.0500,0.0000
  2144,0.0000,0.0000,0.0000,0.0500,0.0000
  2145,357.1446,357.1446,0.0000,0.0000,0.0000
  2146,357.1639,357.1639,0.0000,0.0000,0.0000
  2147,0.0000,0.0000,0.0000,0.0500,0.0000
  2148,0.0000,0.0000,0.0000,0.0500,0.0000
  2149,0.0000,0.0000,0.0000,0.0500,0.0000
  2150,0.0000,0.0000,0.0000,0.0500,0.0000
  2151,357.3366,357.3366,0.0000,0.0000,0.0000
  2152,0.0000,0.0000,0.0000,0.0500,0.0000
  2153,357.1685,357.1685,0.0000,0.0000,0.0000
  2154,0.0000,0.0000,0.0000,0.0500,0.0000
  2155,0.0000,0.0000,0.0000,0.0500,0.0000
  2156,0.0000,0.0000,0.0000,0.0500,0.0000
  2157,0.0000,0.0000,0.0000,0.0500,0.0000
  2158,357.2165,357.2165,0.0000,0.0000,0.0000
  2159,357.1502,357.1502,0.0000,0.0000,0.0000
  2160,0.0000,0.0000,0.0000,0.0000,0.0000
  2161,0.0000,0.0000,0.0000,0.0500,0.0000
  2162,0.0000,0.0000,0.0000,0.0000,0.0000
  2163,0.0000,0.0000,0.0000,0.0500,0.0000
  2164,0.0000,0.0000,0.0000,0.0000,0.0000
  2165,0.0000,0.0000,0.0000,0.0500,0.0000
  2166,0.0000,0.0000,0.0000,0.0000,0.0000
  2167,0.0000,0.0000,0.0000,0.0500,0.0000
  2168,0.0000,0.0000,0.0000,0.0000,0.0000
  2169,0.0000,0.0000,0.0000,0.0500,0.0000
  2170,0.0000,0.0000,0.0000,0.0000,0.0000
  2171,0.0000,0.0000,0.0000,0.0500,0.0000
  2172,0.0000,0.0000,0.0000,0.0000,0.0000
  2173,0.0000,0.0000,0.0000,0.0500,0.0000
  2174,0.0000,0.0000,0.0000,0.0000,0.0000
  2175,0.0000,0.0000,0.0000,0.0500,0.0000
  2176,0.0000,0.0000,0.0000,0.0000,0.0000
  2177,357.1494,357.1494,0.0000,0.0000,0.0000
  2178,357.1461,357.1461,0.0000,0.0000,0.0000
  2179,0.0000,0.0000,0.0000,0.0000,0.0000
  2180,0.0000,0.0000,0.0000,0.2000,0.0116
  2181,17329.1867,17329.1867,0.0000,0.0000,0.0000
  2182,0.0000,0.0000,0.0000,0.0000,0.0000
  2183,0.0000,0.0000,0.0000,0.3000,0.0100
  2184,0.0000,0.0000,0.0000,0.3000,0.0100
  2185,0.0000,0.0000,0.0000,0.2500,0.0100
  2186,0.0000,0.0000,0.0000,0.3000,0.0100
  2187,0.0000,0.0000,0.0000,0.2500,0.0138
  2188,0.0000,0.0000,0.0000,0.2000,0.0132
  2189,0.0000,0.0000,0.0000,0.3000,0.0100
  2190,0.0000,0.0000,0.0000,0.2500,0.0108
  2191,0.0000,0.0000,0.0000,0.3000,0.0100
  2192,0.0000,0.0000,0.0000,0.2500,0.0100
  2193,0.0000,0.0000,0.0000,0.0000,0.0000
  2194,0.0000,0.0000,0.0000,0.2500,0.0100
  2195,0.0000,0.0000,0.0000,0.2500,0.0100
  2196,0.0000,0.0000,0.0000,0.2500,0.0100
  2197,0.0000,0.0000,0.0000,0.2500,0.0100
  2198,0.0000,0.0000,0.0000,0.2500,0.0100
  2199,0.0000,0.0000,0.0000,0.2500,0.0100
  2200,15612.3200,15612.3200,0.0000,0.0000,0.0000
  2201,0.0000,0.0000,0.0000,0.0000,0.0000
  2202,0.0000,0.0000,0.0000,0.0000,0.0000
  2203,0.0000,0.0000,0.0000,0.0000,0.0000
  2204,0.0000,0.0000,0.0000,0.0000,0.0000
  2205,0.0000,0.0000,0.0000,0.2500,0.0100
  2206,0.0000,0.0000,0.0000,0.0000,0.0000
  2207,0.0000,0.0000,0.0000,0.0000,0.0000
  2208,0.0000,0.0000,0.0000,0.0500,0.0000
  2209,357.1467,357.1467,0.0000,0.0000,0.0000
  2210,0.0000,0.0000,0.0000,0.0500,0.0000
  2211,357.1551,357.1551,0.0000,0.0000,0.0000
  2212,0.0000,0.0000,0.0000,0.0100,0.0000
  2213,0.0000,0.0000,0.0000,0.0500,0.0000
  2214,0.0000,0.0000,0.0000,0.0500,0.0000
  2215,0.0000,0.0000,0.0000,0.0500,0.0000
  2216,0.0000,0.0000,0.0000,0.0000,0.0185
  2217,0.0000,0.0000,0.0000,0.0000,0.0285
  2218,0.0000,0.0000,0.0000,0.0500,0.0000
  2219,0.0000,0.0000,0.0000,0.0500,0.0000
  2220,0.0000,0.0000,0.0000,0.0500,0.0000
  2221,0.0000,0.0000,0.0000,0.0500,0.0000
  2222,0.0000,0.0000,0.0000,0.0500,0.0000
  2223,0.0000,0.0000,0.0000,0.0500,0.0000
  2224,0.0000,0.0000,0.0000,0.0500,0.0000
  2225,367.7576,367.7576,0.0000,0.0000,0.0000
  2226,0.0000,0.0000,0.0000,0.0500,0.0000
  2227,0.0000,0.0000,0.0000,0.0500,0.0000
  2228,0.0000,0.0000,0.0000,0.0000,0.0228
  2229,0.0000,0.0000,0.0000,0.0500,0.0000
  2230,0.0000,0.0000,0.0000,0.0100,0.0000
  2231,0.0000,0.0000,0.0000,0.0500,0.0000
  2232,0.0000,0.0000,0.0000,0.0500,0.0000
  2233,0.0000,0.0000,0.0000,0.0100,0.0000
  2234,7720.4767,7720.4767,0.0000,0.0000,0.0000
  2235,0.0000,0.0000,0.0000,0.0000,0.0580
  2236,0.0000,0.0000,0.0000,0.0000,0.0000
  2237,16567.4350,16567.4350,0.0000,0.0000,0.0000
  2238,16957.4447,16957.4447,0.0000,0.0000,0.0000
  2239,0.0000,0.0000,0.0000,0.0000,0.0000
  2240,17764.8529,17764.8529,0.0000,0.0000,0.0000
  2241,0.0000,0.0000,0.0000,0.0500,0.0000
  2242,357.4704,357.4704,0.0000,0.0000,0.0000
  2243,0.0000,0.0000,0.0000,0.0500,0.0000
  2244,0.0000,0.0000,0.0000,0.0500,0.0000
  2245,0.0000,0.0000,0.0000,0.0500,0.0000
  2246,0.0000,0.0000,0.0000,0.0500,0.0000
  2247,0.0000,0.0000,0.0000,0.0500,0.0000
  2248,0.0000,0.0000,0.0000,0.0500,0.0000
  2249,0.0000,0.0000,0.0000,0.0500,0.0000
  2250,0.0000,0.0000,0.0000,0.0500,0.0000
  2251,357.1458,357.1458,0.0000,0.0000,0.0000
  2252,0.0000,0.0000,0.0000,0.0500,0.0000
  2253,0.0000,0.0000,0.0000,0.0100,0.0000
  2254,358.1550,358.1550,0.0000,0.0000,0.0000
  2255,0.0000,0.0000,0.0000,0.0100,0.0000
  2256,357.1742,357.1742,0.0000,0.0000,0.0000
  2257,357.1447,357.1447,0.0000,0.0000,0.0000
  2258,357.1450,357.1450,0.0000,0.0000,0.0000
  2259,0.0000,0.0000,0.0000,0.0000,0.0000
  2260,0.0000,0.0000,0.0000,0.0500,0.0000
  2261,0.0000,0.0000,0.0000,0.0000,0.0000
  2262,0.0000,0.0000,0.0000,0.0500,0.0000
  2263,0.0000,0.0000,0.0000,0.0000,0.0101
  2264,0.0000,0.0000,0.0000,0.0500,0.0000
  2265,0.0000,0.0000,0.0000,0.0500,0.0000
  2266,0.0000,0.0000,0.0000,0.0500,0.0000
  2267,0.0000,0.0000,0.0000,0.0000,0.0104
  2268,0.0000,0.0000,0.0000,0.0000,0.0102
  2269,0.0000,0.0000,0.0000,0.0500,0.0000
  2270,0.0000,0.0000,0.0000,0.0000,0.0000
  2271,0.0000,0.0000,0.0000,0.0500,0.0000
  2272,0.0000,0.0000,0.0000,0.0000,0.0000
  2273,357.1779,357.1779,0.0000,0.0000,0.0000
  2274,0.0000,0.0000,0.0000,0.0000,0.0000
  2275,357.1626,357.1626,0.0000,0.0000,0.0000
  2276,357.1557,357.1557,0.0000,0.0000,0.0000
  2277,0.0000,0.0000,0.0000,0.0000,0.0000
  2278,357.1518,357.1518,0.0000,0.0000,0.0000
  2279,357.1485,357.1485,0.0000,0.0000,0.0000
  2280,357.1465,357.1465,0.0000,0.0000,0.0000
  2281,0.0000,0.0000,0.0000,0.2000,0.0105
  2282,0.0000,0.0000,0.0000,0.2000,0.0112
  2283,0.0000,0.0000,0.0000,0.2000,0.0108
  2284,17192.7249,17192.7249,0.0000,0.0000,0.0000
  2285,0.0000,0.0000,0.0000,0.2000,0.0105
  2286,0.0000,0.0000,0.0000,0.2000,0.0104
  2287,0.0000,0.0000,0.0000,0.3000,0.0100
  2288,0.0000,0.0000,0.0000,0.3000,0.0100
  2289,0.0000,0.0000,0.0000,0.3000,0.0100
  2290,0.0000,0.0000,0.0000,0.3000,0.0100
  2291,0.0000,0.0000,0.0000,0.3000,0.0100
  2292,0.0000,0.0000,0.0000,0.2000,0.0110
  2293,0.0000,0.0000,0.0000,0.2500,0.0103
  2294,0.0000,0.0000,0.0000,0.2000,0.0109
  2295,0.0000,0.0000,0.0000,0.2500,0.0100
  2296,0.0000,0.0000,0.0000,0.2500,0.0101
  2297,0.0000,0.0000,0.0000,0.3000,0.0100
  2298,0.0000,0.0000,0.0000,0.3000,0.0100
  2299,0.0000,0.0000,0.0000,0.2500,0.0000
  2300,0.0000,0.0000,0.0000,0.2500,0.0000
  2301,0.0000,0.0000,0.0000,0.2500,0.0100
  2302,0.0000,0.0000,0.0000,0.3000,0.0100
  2303,0.0000,0.0000,0.0000,0.2500,0.0100
  2304,0.0000,0.0000,0.0000,0.3000,0.0000
  2305,10877.0651,10877.0651,0.0000,0.0000,0.0000
  2306,0.0000,0.0000,0.0000,0.0000,0.0000
  2307,0.0000,0.0000,0.0000,0.0000,0.0000
  2308,0.0000,0.0000,0.0000,0.0000,0.0000
  2309,0.0000,0.0000,0.0000,0.2500,0.0100
  2310,0.0000,0.0000,0.0000,0.0000,0.0000
  2311,0.0000,0.0000,0.0000,0.2500,0.0100
  2312,0.0000,0.0000,0.0000,0.2500,0.0000
  2313,0.0000,0.0000,0.0000,0.0000,0.0000
  2314,357.5234,357.5234,0.0000,0.0000,0.0000
  2315,0.0000,0.0000,0.0000,0.0500,0.0000
  2316,0.0000,0.0000,0.0000,0.0000,0.0000
  2317,0.0000,0.0000,0.0000,0.0500,0.0000
  2318,0.0000,0.0000,0.0000,0.0000,0.0000
  2319,0.0000,0.0000,0.0000,0.0500,0.0000
  2320,0.0000,0.0000,0.0000,0.0000,0.0000
  2321,0.0000,0.0000,0.0000,0.0500,0.0000
  2322,0.0000,0.0000,0.0000,0.0100,0.0000
  2323,0.0000,0.0000,0.0000,0.0000,0.1839
  2324,0.0000,0.0000,0.0000,0.0500,0.0000
  2325,0.0000,0.0000,0.0000,0.0500,0.0000
  2326,0.0000,0.0000,0.0000,0.0500,0.0000
  2327,0.0000,0.0000,0.0000,0.0500,0.0000
  2328,0.0000,0.0000,0.0000,0.0500,0.0000
  2329,0.0000,0.0000,0.0000,0.0500,0.0000
  2330,0.0000,0.0000,0.0000,0.0500,0.0000
  2331,0.0000,0.0000,0.0000,0.0500,0.0000
  2332,0.0000,0.0000,0.0000,0.0500,0.0000
  2333,0.0000,0.0000,0.0000,0.0000,0.0175
  2334,0.0000,0.0000,0.0000,0.0500,0.0000
  2335,0.0000,0.0000,0.0000,0.0500,0.0000
  2336,0.0000,0.0000,0.0000,0.0000,17.0791
  2337,0.0000,0.0000,0.0000,0.0000,0.9511
  2338,0.0000,0.0000,0.0000,0.0500,0.0000
  2339,0.0000,0.0000,0.0000,0.0500,0.0000
  2340,0.0000,0.0000,0.0000,0.0100,0.0000
  2341,0.0000,0.0000,0.0000,0.0100,0.0000
  2342,0.0000,0.0000,0.0000,0.0100,0.0000
  2343,0.0000,0.0000,0.0000,0.0100,0.0000
  2344,0.0000,0.0000,0.0000,0.0000,9.6755
  2345,0.0000,0.0000,0.0000,0.0000,0.0000
  2346,15820.6839,15820.6839,0.0000,0.0000,0.0000
  2347,0.0000,0.0000,0.0000,0.0000,0.0000
  2348,0.0000,0.0000,0.0000,0.0000,49.4723
  2349,0.0000,0.0000,0.0000,0.0000,46.0398
  2350,0.0000,0.0000,0.0000,0.0000,46.0905
  2351,360.1585,360.1585,0.0000,0.0000,0.0000
  2352,357.8756,357.8756,0.0000,0.0000,0.0000
  2353,358.2097,358.2097,0.0000,0.0000,0.0000
  2354,358.6077,358.6077,0.0000,0.0000,0.0000
  2355,0.0000,0.0000,0.0000,0.0500,0.0000
  2356,0.0000,0.0000,0.0000,0.0500,0.0000
  2357,360.8390,360.8390,0.0000,0.0000,0.0000
  2358,0.0000,0.0000,0.0000,0.0500,0.0000
  2359,0.0000,0.0000,0.0000,0.0500,0.0000
  2360,0.0000,0.0000,0.0000,0.0500,0.0000
  2361,0.0000,0.0000,0.0000,0.0500,0.0000
  2362,357.1452,357.1452,0.0000,0.0000,0.0000
  2363,357.1699,357.1699,0.0000,0.0000,0.0000
  2364,357.2763,357.2763,0.0000,0.0000,0.0000
  2365,0.0000,0.0000,0.0000,0.0500,0.0000
  2366,357.1854,357.1854,0.0000,0.0000,0.0000
  2367,357.1704,357.1704,0.0000,0.0000,0.0000
  2368,357.1459,357.1459,0.0000,0.0000,0.0000
  2369,357.1505,357.1505,0.0000,0.0000,0.0000
  2370,357.1455,357.1455,0.0000,0.0000,0.0000
  2371,357.1453,357.1453,0.0000,0.0000,0.0000
  2372,357.1456,357.1456,0.0000,0.0000,0.0000
  2373,0.0000,0.0000,0.0000,0.0000,0.0100
  2374,0.0000,0.0000,0.0000,0.0500,0.0000
  2375,0.0000,0.0000,0.0000,0.0000,0.0102
  2376,0.0000,0.0000,0.0000,0.0500,0.0000
  2377,0.0000,0.0000,0.0000,0.0000,0.0104
  2378,357.3006,357.3006,0.0000,0.0000,0.0000
  2379,0.0000,0.0000,0.0000,0.0500,0.0000
  2380,357.2489,357.2489,0.0000,0.0000,0.0000
  2381,0.0000,0.0000,0.0000,0.0000,0.0102
  2382,0.0000,0.0000,0.0000,0.0000,0.0102
  2383,357.2222,357.2222,0.0000,0.0000,0.0000
  2384,0.0000,0.0000,0.0000,0.0000,0.0106
  2385,357.2013,357.2013,0.0000,0.0000,0.0000
  2386,0.0000,0.0000,0.0000,0.0500,0.0000
  2387,0.0000,0.0000,0.0000,0.0000,0.0122
  2388,0.0000,0.0000,0.0000,0.0000,0.0000
  2389,0.0000,0.0000,0.0000,0.0000,0.0000
  2390,0.0000,0.0000,0.0000,0.0500,0.0000
  2391,0.0000,0.0000,0.0000,0.0500,0.0000
  2392,0.0000,0.0000,0.0000,0.0500,0.0000
  2393,0.0000,0.0000,0.0000,0.0500,0.0000
  2394,0.0000,0.0000,0.0000,0.0500,0.0000
  2395,357.1464,357.1464,0.0000,0.0000,0.0000
  2396,357.1441,357.1441,0.0000,0.0000,0.0000
  2397,0.0000,0.0000,0.0000,0.2000,0.0109
  2398,0.0000,0.0000,0.0000,0.2000,0.0114
  2399,14842.8385,14842.8385,0.0000,0.0000,0.0000
  2400,0.0000,0.0000,0.0000,0.2000,0.0103
  2401,0.0000,0.0000,0.0000,0.0000,0.0000
  2402,0.0000,0.0000,0.0000,0.2000,0.0104
  2403,0.0000,0.0000,0.0000,0.2000,0.0111
  2404,0.0000,0.0000,0.0000,0.3000,0.0100
  2405,0.0000,0.0000,0.0000,0.2500,0.0100
  2406,0.0000,0.0000,0.0000,0.3000,0.0100
  2407,0.0000,0.0000,0.0000,0.3000,0.0100
  2408,0.0000,0.0000,0.0000,0.3000,0.0100
  2409,0.0000,0.0000,0.0000,0.3500,0.0100
  2410,0.0000,0.0000,0.0000,0.3000,0.0100
  2411,0.0000,0.0000,0.0000,0.2000,0.0121
  2412,0.0000,0.0000,0.0000,0.2000,0.0118
  2413,433.9932,433.9932,0.0000,0.0000,0.0000
  2414,0.0000,0.0000,0.0000,0.2500,0.0100
  2415,0.0000,0.0000,0.0000,0.2000,0.0104
  2416,460.0913,460.0913,0.0000,0.0000,0.0000
  2417,0.0000,0.0000,0.0000,0.2500,0.0100
  2418,0.0000,0.0000,0.0000,0.3000,0.0100
  2419,0.0000,0.0000,0.0000,0.2500,0.0000
  2420,0.0000,0.0000,0.0000,0.3000,0.0100
  2421,0.0000,0.0000,0.0000,0.3000,0.0000
  2422,0.0000,0.0000,0.0000,0.3000,0.0000
  2423,0.0000,0.0000,0.0000,0.2500,0.0000
  2424,0.0000,0.0000,0.0000,0.3000,0.0000
  2425,0.0000,0.0000,0.0000,0.0000,0.0000
  2426,0.0000,0.0000,0.0000,0.2000,0.0100
  2427,0.0000,0.0000,0.0000,0.2000,0.0100
  2428,0.0000,0.0000,0.0000,0.0000,0.0000
  2429,0.0000,0.0000,0.0000,0.2000,0.0100
  2430,0.0000,0.0000,0.0000,0.0000,0.0000
  2431,0.0000,0.0000,0.0000,0.2500,0.0000
  2432,0.0000,0.0000,0.0000,0.0000,0.0000
  2433,0.0000,0.0000,0.0000,0.2500,0.0000
  2434,0.0000,0.0000,0.0000,0.0000,0.0000
  2435,0.0000,0.0000,0.0000,0.0500,0.0000
  2436,0.0000,0.0000,0.0000,0.0000,18.8875
  2437,0.0000,0.0000,0.0000,0.0500,0.0000
  2438,0.0000,0.0000,0.0000,0.0500,0.0000
  2439,0.0000,0.0000,0.0000,0.0000,0.0000
  2440,0.0000,0.0000,0.0000,0.0500,0.0000
  2441,0.0000,0.0000,0.0000,0.0000,0.0000
  2442,0.0000,0.0000,0.0000,0.0500,0.0000
  2443,0.0000,0.0000,0.0000,0.0500,0.0000
  2444,0.0000,0.0000,0.0000,0.0500,0.0000
  2445,0.0000,0.0000,0.0000,0.0500,0.0000
  2446,0.0000,0.0000,0.0000,0.0500,0.0000
  2447,0.0000,0.0000,0.0000,0.0500,0.0000
  2448,0.0000,0.0000,0.0000,0.0000,0.0175
  2449,0.0000,0.0000,0.0000,0.0500,0.0000
  2450,0.0000,0.0000,0.0000,0.0500,0.0000
  2451,0.0000,0.0000,0.0000,0.0500,0.0000
  2452,0.0000,0.0000,0.0000,0.0500,0.0000
  2453,0.0000,0.0000,0.0000,0.0500,0.0000
  2454,0.0000,0.0000,0.0000,0.0500,0.0000
  2455,0.0000,0.0000,0.0000,0.0500,0.0000
  2456,0.0000,0.0000,0.0000,0.0500,0.0000
  2457,0.0000,0.0000,0.0000,0.0000,21.2866
  2458,0.0000,0.0000,0.0000,0.0000,2.7442
  2459,0.0000,0.0000,0.0000,0.0500,0.0000
  2460,0.0000,0.0000,0.0000,0.0000,0.0195
  2461,0.0000,0.0000,0.0000,0.0000,0.0193
  2462,0.0000,0.0000,0.0000,0.0000,0.0511
  2463,0.0000,0.0000,0.0000,0.0000,2.1487
  2464,0.0000,0.0000,0.0000,0.0000,8.5870
  2465,0.0000,0.0000,0.0000,0.0100,0.0000
  2466,0.0000,0.0000,0.0000,0.0100,0.0000
  2467,0.0000,0.0000,0.0000,0.0000,0.1106
  2468,0.0000,0.0000,0.0000,0.0000,11.7573
  2469,0.0000,0.0000,0.0000,0.0000,29.6056
  2470,0.0000,0.0000,0.0000,0.0000,0.0000
  2471,0.0000,0.0000,0.0000,0.0000,2.8486
  2472,0.0000,0.0000,0.0000,0.0000,1.0767
  2473,0.0000,0.0000,0.0000,0.0000,0.0821
  2474,0.0000,0.0000,0.0000,0.0000,0.0000
  2475,357.4284,357.4284,0.0000,0.0000,0.0000
  2476,357.4631,357.4631,0.0000,0.0000,0.0000
  2477,363.5871,363.5871,0.0000,0.0000,0.0000
  2478,357.5283,357.5283,0.0000,0.0000,0.0000
  2479,0.0000,0.0000,0.0000,0.0500,0.0000
  2480,519.4275,519.4275,0.0000,0.0000,0.0000
  2481,410.0477,410.0477,0.0000,0.0000,0.0000
  2482,0.0000,0.0000,0.0000,0.0000,0.0000
  2483,368.4055,368.4055,0.0000,0.0000,0.0000
  2484,357.1437,357.1437,0.0000,0.0000,0.0000
  2485,357.1440,357.1440,0.0000,0.0000,0.0000
  2486,357.1497,357.1497,0.0000,0.0000,0.0000
  2487,0.0000,0.0000,0.0000,0.0500,0.0000
  2488,357.1442,357.1442,0.0000,0.0000,0.0000
  2489,357.1438,357.1438,0.0000,0.0000,0.0000
  2490,0.0000,0.0000,0.0000,0.0500,0.0000
  2491,357.1431,357.1431,0.0000,0.0000,0.0000
  2492,357.1433,357.1433,0.0000,0.0000,0.0000
  2493,357.1431,357.1431,0.0000,0.0000,0.0000
  2494,0.0000,0.0000,0.0000,0.0000,0.0101
  2495,0.0000,0.0000,0.0000,0.0500,0.0000
  2496,0.0000,0.0000,0.0000,0.0000,0.0104
  2497,0.0000,0.0000,0.0000,0.0500,0.0000
  2498,372.4864,372.4864,0.0000,0.0000,0.0000
  2499,0.0000,0.0000,0.0000,0.0500,0.0000
  2500,0.0000,0.0000,0.0000,0.0500,0.0000
  2501,0.0000,0.0000,0.0000,0.0500,0.0000
  2502,0.0000,0.0000,0.0000,0.0000,0.0103
  2503,0.0000,0.0000,0.0000,0.0500,0.0000
  2504,0.0000,0.0000,0.0000,0.0000,0.0105
  2505,0.0000,0.0000,0.0000,0.0000,0.0109
  2506,0.0000,0.0000,0.0000,0.0000,0.0108
  2507,0.0000,0.0000,0.0000,0.0000,0.0119
  2508,0.0000,0.0000,0.0000,0.0500,0.0000
  2509,0.0000,0.0000,0.0000,0.0000,0.0000
  2510,0.0000,0.0000,0.0000,0.0000,0.0000
  2511,0.0000,0.0000,0.0000,0.0500,0.0000
  2512,0.0000,0.0000,0.0000,0.0500,0.0000
  2513,0.0000,0.0000,0.0000,0.0500,0.0000
  2514,0.0000,0.0000,0.0000,0.0500,0.0000
  2515,0.0000,0.0000,0.0000,0.0500,0.0000
  2516,357.1453,357.1453,0.0000,0.0000,0.0000
  2517,357.1454,357.1454,0.0000,0.0000,0.0000
  2518,357.1432,357.1432,0.0000,0.0000,0.0000
  2519,357.1430,357.1430,0.0000,0.0000,0.0000
  2520,0.0000,0.0000,0.0000,0.1500,0.0121
  2521,0.0000,0.0000,0.0000,0.2000,0.0118
  2522,419.9685,419.9685,0.0000,0.0000,0.0000
  2523,0.0000,0.0000,0.0000,0.0000,0.0000
  2524,0.0000,0.0000,0.0000,0.2000,0.0103
  2525,0.0000,0.0000,0.0000,0.2000,0.0104
  2526,0.0000,0.0000,0.0000,0.2000,0.0112
  2527,0.0000,0.0000,0.0000,0.0000,0.0145
  2528,0.0000,0.0000,0.0000,0.2500,0.0100
  2529,0.0000,0.0000,0.0000,0.2500,0.0100
  2530,0.0000,0.0000,0.0000,0.2500,0.0100
  2531,0.0000,0.0000,0.0000,0.2500,0.0100
  2532,0.0000,0.0000,0.0000,0.3000,0.0100
  2533,0.0000,0.0000,0.0000,0.3000,0.0100
  2534,0.0000,0.0000,0.0000,0.3000,0.0100
  2535,0.0000,0.0000,0.0000,0.2500,0.0100
  2536,432.1969,432.1969,0.0000,0.0000,0.0000
  2537,486.4468,486.4468,0.0000,0.0000,0.0000
  2538,430.9236,430.9236,0.0000,0.0000,0.0000
  2539,0.0000,0.0000,0.0000,0.1500,0.0126
  2540,0.0000,0.0000,0.0000,0.2000,0.0101
  2541,0.0000,0.0000,0.0000,0.2000,0.0215
  2542,0.0000,0.0000,0.0000,0.2000,0.0100
  2543,0.0000,0.0000,0.0000,0.2000,0.0100
  2544,0.0000,0.0000,0.0000,0.2500,0.0000
  2545,0.0000,0.0000,0.0000,0.3000,0.0000
  2546,0.0000,0.0000,0.0000,0.3000,0.0100
  2547,0.0000,0.0000,0.0000,0.3000,0.0000
  2548,0.0000,0.0000,0.0000,0.3000,0.0100
  2549,0.0000,0.0000,0.0000,0.3000,0.0000
  2550,0.0000,0.0000,0.0000,0.3000,0.0000
  2551,0.0000,0.0000,0.0000,0.0000,0.0550
  2552,0.0000,0.0000,0.0000,0.2000,0.0100
  2553,0.0000,0.0000,0.0000,0.2000,0.0100
  2554,0.0000,0.0000,0.0000,0.2000,0.0183
  2555,0.0000,0.0000,0.0000,0.2000,0.0100
  2556,0.0000,0.0000,0.0000,0.0000,0.0000
  2557,0.0000,0.0000,0.0000,0.2500,0.0000
  2558,0.0000,0.0000,0.0000,0.0000,0.0000
  2559,0.0000,0.0000,0.0000,0.2500,0.0000
  2560,0.0000,0.0000,0.0000,0.0000,0.0000
  2561,0.0000,0.0000,0.0000,0.0000,0.0000
  2562,0.0000,0.0000,0.0000,0.0000,10.2429
  2563,0.0000,0.0000,0.0000,0.0000,3.1766
  2564,0.0000,0.0000,0.0000,0.0500,0.0000
  2565,0.0000,0.0000,0.0000,0.0500,0.0000
  2566,0.0000,0.0000,0.0000,0.0500,0.0000
  2567,0.0000,0.0000,0.0000,0.0500,0.0000
  2568,0.0000,0.0000,0.0000,0.0500,0.0000
  2569,0.0000,0.0000,0.0000,0.0000,0.0000
  2570,0.0000,0.0000,0.0000,0.0500,0.0000
  2571,0.0000,0.0000,0.0000,0.0000,1.0038
  2572,0.0000,0.0000,0.0000,0.0500,0.0000
  2573,0.0000,0.0000,0.0000,0.0500,0.0000
  2574,0.0000,0.0000,0.0000,0.0500,0.0000
  2575,0.0000,0.0000,0.0000,0.0500,0.0000
  2576,0.0000,0.0000,0.0000,0.0500,0.0000
  2577,0.0000,0.0000,0.0000,0.0000,0.0183
  2578,0.0000,0.0000,0.0000,0.0000,0.0208
  2579,0.0000,0.0000,0.0000,0.0000,0.4454
  2580,0.0000,0.0000,0.0000,0.0500,0.0000
  2581,0.0000,0.0000,0.0000,0.0500,0.0000
  2582,0.0000,0.0000,0.0000,0.0500,0.0000
  2583,0.0000,0.0000,0.0000,0.0000,0.0251
  2584,0.0000,0.0000,0.0000,0.0500,0.0000
  2585,0.0000,0.0000,0.0000,0.0500,0.0000
  2586,0.0000,0.0000,0.0000,0.0000,0.8405
  2587,0.0000,0.0000,0.0000,0.0000,0.2886
  2588,0.0000,0.0000,0.0000,0.0000,8.9788
  2589,0.0000,0.0000,0.0000,0.0000,0.0143
  2590,0.0000,0.0000,0.0000,0.0000,0.5355
  2591,0.0000,0.0000,0.0000,0.0000,0.0315
  2592,0.0000,0.0000,0.0000,0.0000,0.0000
  2593,0.0000,0.0000,0.0000,0.0000,0.1989
  2594,0.0000,0.0000,0.0000,0.0000,0.0124
  2595,0.0000,0.0000,0.0000,0.0000,0.0132
  2596,0.0000,0.0000,0.0000,0.0000,0.0164
  2597,0.0000,0.0000,0.0000,0.0000,0.0113
  2598,0.0000,0.0000,0.0000,0.0000,0.0111
  2599,357.1532,357.1532,0.0000,0.0000,0.0000
  2600,357.1529,357.1529,0.0000,0.0000,0.0000
  2601,357.5442,357.5442,0.0000,0.0000,0.0000
  2602,357.1480,357.1480,0.0000,0.0000,0.0000
  2603,0.0000,0.0000,0.0000,0.0500,0.0000
  2604,0.0000,0.0000,0.0000,0.0500,0.0000
  2605,433.6544,433.6544,0.0000,0.0000,0.0000
  2606,0.0000,0.0000,0.0000,0.0000,0.0000
  2607,365.6469,365.6469,0.0000,0.0000,0.0000
  2608,0.0000,0.0000,0.0000,0.0000,0.0000
  2609,357.2610,357.2610,0.0000,0.0000,0.0000
  2610,357.1429,357.1429,0.0000,0.0000,0.0000
  2611,0.0000,0.0000,0.0000,0.0500,0.0000
  2612,357.1430,357.1430,0.0000,0.0000,0.0000
  2613,357.1429,357.1429,0.0000,0.0000,0.0000
  2614,357.1429,357.1429,0.0000,0.0000,0.0000
  2615,0.0000,0.0000,0.0000,0.0500,0.0000
  2616,357.1429,357.1429,0.0000,0.0000,0.0000
  2617,357.1429,357.1429,0.0000,0.0000,0.0000
  2618,357.1429,357.1429,0.0000,0.0000,0.0000
  2619,0.0000,0.0000,0.0000,0.0000,0.0100
  2620,0.0000,0.0000,0.0000,0.0500,0.0000
  2621,0.0000,0.0000,0.0000,0.0000,0.0102
  2622,0.0000,0.0000,0.0000,0.0500,0.0000
  2623,371.8543,371.8543,0.0000,0.0000,0.0000
  2624,0.0000,0.0000,0.0000,0.0500,0.0000
  2625,372.6304,372.6304,0.0000,0.0000,0.0000
  2626,0.0000,0.0000,0.0000,0.0500,0.0000
  2627,0.0000,0.0000,0.0000,0.0000,0.0109
  2628,0.0000,0.0000,0.0000,0.0000,0.0121
  2629,0.0000,0.0000,0.0000,0.0000,0.0129
  2630,0.0000,0.0000,0.0000,0.0000,0.0115
  2631,0.0000,0.0000,0.0000,0.0000,0.0000
  2632,0.0000,0.0000,0.0000,0.0500,0.0000
  2633,0.0000,0.0000,0.0000,0.0500,0.0000
  2634,0.0000,0.0000,0.0000,0.0000,0.0000
  2635,0.0000,0.0000,0.0000,0.0500,0.0000
  2636,0.0000,0.0000,0.0000,0.0500,0.0000
  2637,0.0000,0.0000,0.0000,0.0500,0.0000
  2638,0.0000,0.0000,0.0000,0.0500,0.0000
  2639,357.1442,357.1442,0.0000,0.0000,0.0000
  2640,357.1456,357.1456,0.0000,0.0000,0.0000
  2641,357.1440,357.1440,0.0000,0.0000,0.0000
  2642,357.1430,357.1430,0.0000,0.0000,0.0000
  2643,357.1429,357.1429,0.0000,0.0000,0.0000
  2644,357.1429,357.1429,0.0000,0.0000,0.0000
  2645,429.2262,429.2262,0.0000,0.0000,0.0000
  2646,0.0000,0.0000,0.0000,0.1500,0.0120
  2647,0.0000,0.0000,0.0000,0.1500,0.0122
  2648,0.0000,0.0000,0.0000,0.0000,0.0000
  2649,0.0000,0.0000,0.0000,0.2000,0.0103
  2650,0.0000,0.0000,0.0000,0.2000,0.0231
  2651,0.0000,0.0000,0.0000,0.2000,0.0104
  2652,0.0000,0.0000,0.0000,0.1500,0.0111
  2653,0.0000,0.0000,0.0000,0.2000,0.0105
  2654,0.0000,0.0000,0.0000,0.1500,0.0127
  2655,0.0000,0.0000,0.0000,0.1500,0.0114
  2656,0.0000,0.0000,0.0000,0.1500,0.0118
  2657,0.0000,0.0000,0.0000,0.2500,0.0100
  2658,0.0000,0.0000,0.0000,0.2000,0.0100
  2659,0.0000,0.0000,0.0000,0.2000,0.0100
  2660,0.0000,0.0000,0.0000,0.2500,0.0100
  2661,0.0000,0.0000,0.0000,0.2500,0.0100
  2662,0.0000,0.0000,0.0000,0.3000,0.0100
  2663,0.0000,0.0000,0.0000,0.3000,0.0100
  2664,0.0000,0.0000,0.0000,0.3000,0.0100
  2665,0.0000,0.0000,0.0000,0.2500,0.0100
  2666,0.0000,0.0000,0.0000,0.1500,0.0121
  2667,0.0000,0.0000,0.0000,0.2000,0.0112
  2668,406.2356,406.2356,0.0000,0.0000,0.0000
  2669,0.0000,0.0000,0.0000,0.1500,0.0120
  2670,415.3077,415.3077,0.0000,0.0000,0.0000
  2671,0.0000,0.0000,0.0000,0.1500,0.0121
  2672,0.0000,0.0000,0.0000,0.2000,0.0103
  2673,0.0000,0.0000,0.0000,0.3000,0.0000
  2674,0.0000,0.0000,0.0000,0.3000,0.0000
  2675,0.0000,0.0000,0.0000,0.3000,0.0100
  2676,0.0000,0.0000,0.0000,0.3000,0.0000
  2677,0.0000,0.0000,0.0000,0.3000,0.0100
  2678,0.0000,0.0000,0.0000,0.3000,0.0000
  2679,0.0000,0.0000,0.0000,0.3000,0.0000
  2680,0.0000,0.0000,0.0000,0.3000,0.0000
  2681,0.0000,0.0000,0.0000,0.3000,0.0000
  2682,0.0000,0.0000,0.0000,0.0000,0.0349
  2683,0.0000,0.0000,0.0000,0.2000,0.0110
  2684,0.0000,0.0000,0.0000,0.2000,0.0100
  2685,0.0000,0.0000,0.0000,0.2000,0.0146
  2686,0.0000,0.0000,0.0000,0.2500,0.0100
  2687,0.0000,0.0000,0.0000,0.2000,0.0125
  2688,0.0000,0.0000,0.0000,0.2500,0.0100
  2689,0.0000,0.0000,0.0000,0.0000,0.0000
  2690,0.0000,0.0000,0.0000,0.3000,0.0000
  2691,0.0000,0.0000,0.0000,0.0000,0.0115
  2692,0.0000,0.0000,0.0000,0.3000,0.0000
  2693,0.0000,0.0000,0.0000,0.0000,0.0124
  2694,0.0000,0.0000,0.0000,0.0000,0.8437
  2695,0.0000,0.0000,0.0000,0.0000,0.0114
  2696,0.0000,0.0000,0.0000,0.0500,0.0000
  2697,0.0000,0.0000,0.0000,0.0500,0.0000
  2698,0.0000,0.0000,0.0000,0.0500,0.0000
  2699,0.0000,0.0000,0.0000,0.0500,0.0000
  2700,0.0000,0.0000,0.0000,0.0500,0.0000
  2701,0.0000,0.0000,0.0000,0.0000,0.0779
  2702,0.0000,0.0000,0.0000,0.0000,0.1973
  2703,0.0000,0.0000,0.0000,0.0500,0.0000
  2704,0.0000,0.0000,0.0000,0.0500,0.0000
  2705,0.0000,0.0000,0.0000,0.0000,0.0101
  2706,0.0000,0.0000,0.0000,0.0500,0.0000
  2707,0.0000,0.0000,0.0000,0.0500,0.0000
  2708,0.0000,0.0000,0.0000,0.0000,0.0107
  2709,0.0000,0.0000,0.0000,0.0500,0.0000
  2710,0.0000,0.0000,0.0000,0.0000,0.0120
  2711,0.0000,0.0000,0.0000,0.0500,0.0000
  2712,0.0000,0.0000,0.0000,0.0500,0.0000
  2713,0.0000,0.0000,0.0000,0.0500,0.0000
  2714,0.0000,0.0000,0.0000,0.0500,0.0000
  2715,0.0000,0.0000,0.0000,0.0500,0.0000
  2716,0.0000,0.0000,0.0000,0.0000,0.0100
  2717,0.0000,0.0000,0.0000,0.0500,0.0000
  2718,0.0000,0.0000,0.0000,0.0500,0.0000
  2719,0.0000,0.0000,0.0000,0.0000,0.0101
  2720,0.0000,0.0000,0.0000,0.0000,0.0262
  2721,0.0000,0.0000,0.0000,0.0000,0.0100
  2722,0.0000,0.0000,0.0000,0.0000,0.0608
  2723,0.0000,0.0000,0.0000,0.0500,0.0000
  2724,0.0000,0.0000,0.0000,0.0000,0.0179
  2725,0.0000,0.0000,0.0000,0.0000,0.0162
  2726,0.0000,0.0000,0.0000,0.0000,0.0142
  2727,0.0000,0.0000,0.0000,0.0000,0.0180
  2728,0.0000,0.0000,0.0000,0.0000,0.0109
  2729,0.0000,0.0000,0.0000,0.0000,0.0108
  2730,0.0000,0.0000,0.0000,0.0000,0.0109
  2731,0.0000,0.0000,0.0000,0.0500,0.0000
  2732,357.1431,357.1431,0.0000,0.0000,0.0000
  2733,357.1438,357.1438,0.0000,0.0000,0.0000
  2734,357.1430,357.1430,0.0000,0.0000,0.0000
  2735,0.0000,0.0000,0.0000,0.0500,0.0000
  2736,0.0000,0.0000,0.0000,0.0000,0.0000
  2737,511.7305,511.7305,0.0000,0.0000,0.0000
  2738,0.0000,0.0000,0.0000,0.0000,0.0000
  2739,369.2978,369.2978,0.0000,0.0000,0.0000
  2740,0.0000,0.0000,0.0000,0.0500,0.0000
  2741,357.2369,357.2369,0.0000,0.0000,0.0000
  2742,357.1434,357.1434,0.0000,0.0000,0.0000
  2743,357.1429,357.1429,0.0000,0.0000,0.0000
  2744,0.0000,0.0000,0.0000,0.0500,0.0000
  2745,357.1429,357.1429,0.0000,0.0000,0.0000
  2746,357.1429,357.1429,0.0000,0.0000,0.0000
  2747,0.0000,0.0000,0.0000,0.0500,0.0000
  2748,0.0000,0.0000,0.0000,0.0500,0.0000
  2749,357.1429,357.1429,0.0000,0.0000,0.0000
  2750,0.0000,0.0000,0.0000,0.0500,0.0000
  2751,0.0000,0.0000,0.0000,0.0500,0.0000
  2752,0.0000,0.0000,0.0000,0.0000,0.0100
  2753,0.0000,0.0000,0.0000,0.0500,0.0000
  2754,0.0000,0.0000,0.0000,0.0000,0.0101
  2755,0.0000,0.0000,0.0000,0.0500,0.0000
  2756,365.1509,365.1509,0.0000,0.0000,0.0000
  2757,0.0000,0.0000,0.0000,0.0500,0.0000
  2758,376.8358,376.8358,0.0000,0.0000,0.0000
  2759,0.0000,0.0000,0.0000,0.0000,0.0114
  2760,0.0000,0.0000,0.0000,0.0000,0.0118
  2761,0.0000,0.0000,0.0000,0.0000,0.0000
  2762,0.0000,0.0000,0.0000,0.0000,0.0000
  2763,0.0000,0.0000,0.0000,0.0000,0.0000
  2764,0.0000,0.0000,0.0000,0.0000,0.0000
  2765,0.0000,0.0000,0.0000,0.0500,0.0000
  2766,0.0000,0.0000,0.0000,0.0500,0.0000
  2767,0.0000,0.0000,0.0000,0.0500,0.0000
  2768,0.0000,0.0000,0.0000,0.0500,0.0000
  2769,357.1439,357.1439,0.0000,0.0000,0.0000
  2770,0.0000,0.0000,0.0000,0.0500,0.0000
  2771,357.1445,357.1445,0.0000,0.0000,0.0000
  2772,0.0000,0.0000,0.0000,0.0500,0.0000
  2773,0.0000,0.0000,0.0000,0.0500,0.0000
  2774,357.1443,357.1443,0.0000,0.0000,0.0000
  2775,357.1431,357.1431,0.0000,0.0000,0.0000
  2776,357.1429,357.1429,0.0000,0.0000,0.0000
  2777,357.1429,357.1429,0.0000,0.0000,0.0000
  2778,357.1429,357.1429,0.0000,0.0000,0.0000
  2779,357.1429,357.1429,0.0000,0.0000,0.0000
  2780,0.0000,0.0000,0.0000,0.1500,0.0113
  2781,0.0000,0.0000,0.0000,0.1500,0.0113
  2782,0.0000,0.0000,0.0000,0.1500,0.0114
  2783,0.0000,0.0000,0.0000,0.1500,0.0109
  2784,0.0000,0.0000,0.0000,0.1500,0.0107
  2785,0.0000,0.0000,0.0000,0.2000,0.0104
  2786,0.0000,0.0000,0.0000,0.2000,0.1703
  2787,0.0000,0.0000,0.0000,0.2000,0.0106
  2788,0.0000,0.0000,0.0000,0.1500,0.0108
  2789,0.0000,0.0000,0.0000,0.1500,0.0264
  2790,0.0000,0.0000,0.0000,0.1500,0.0905
  2791,0.0000,0.0000,0.0000,0.2000,0.0100
  2792,0.0000,0.0000,0.0000,0.2000,0.0100
  2793,0.0000,0.0000,0.0000,0.2500,0.0100
  2794,0.0000,0.0000,0.0000,0.2000,0.0114
  2795,0.0000,0.0000,0.0000,0.2500,0.0100
  2796,0.0000,0.0000,0.0000,0.3000,0.0100
  2797,0.0000,0.0000,0.0000,0.3000,0.0100
  2798,0.0000,0.0000,0.0000,0.2500,0.0100
  2799,0.0000,0.0000,0.0000,0.2000,0.0114
  2800,0.0000,0.0000,0.0000,0.1500,0.0119
  2801,440.1931,440.1931,0.0000,0.0000,0.0000
  2802,0.0000,0.0000,0.0000,0.1500,0.0129
  2803,432.2034,432.2034,0.0000,0.0000,0.0000
  2804,0.0000,0.0000,0.0000,0.1500,0.0120
  2805,0.0000,0.0000,0.0000,0.3000,0.0000
  2806,0.0000,0.0000,0.0000,0.3000,0.0100
  2807,0.0000,0.0000,0.0000,0.3000,0.0000
  2808,0.0000,0.0000,0.0000,0.3000,0.0000
  2809,0.0000,0.0000,0.0000,0.3000,0.0000
  2810,0.0000,0.0000,0.0000,0.3000,0.0000
  2811,0.0000,0.0000,0.0000,0.3000,0.0000
  2812,0.0000,0.0000,0.0000,0.3000,0.0000
  2813,0.0000,0.0000,0.0000,0.3000,0.0100
  2814,0.0000,0.0000,0.0000,0.0000,0.0153
  2815,0.0000,0.0000,0.0000,0.2000,0.0333
  2816,0.0000,0.0000,0.0000,0.2000,0.0114
  2817,0.0000,0.0000,0.0000,0.2000,0.0135
  2818,0.0000,0.0000,0.0000,0.2500,0.0100
  2819,0.0000,0.0000,0.0000,0.2000,0.0111
  2820,0.0000,0.0000,0.0000,0.2500,0.0100
  2821,0.0000,0.0000,0.0000,0.0000,0.0108
  2822,0.0000,0.0000,0.0000,0.3000,0.0100
  2823,0.0000,0.0000,0.0000,0.0000,0.0109
  2824,0.0000,0.0000,0.0000,0.0000,0.0124
  2825,0.0000,0.0000,0.0000,0.0000,0.0110
  2826,0.0000,0.0000,0.0000,0.0000,0.0100
  2827,0.0000,0.0000,0.0000,0.0500,0.0000
  2828,0.0000,0.0000,0.0000,0.0500,0.0000
  2829,0.0000,0.0000,0.0000,0.0500,0.0000
  2830,443.4273,443.4273,0.0000,0.0000,0.0000
  2831,0.0000,0.0000,0.0000,0.0000,0.0204
  2832,0.0000,0.0000,0.0000,0.0000,0.1073
  2833,0.0000,0.0000,0.0000,0.0000,0.1325
  2834,0.0000,0.0000,0.0000,0.0000,0.0117
  2835,0.0000,0.0000,0.0000,0.0500,0.0000
  2836,0.0000,0.0000,0.0000,0.0000,0.0100
  2837,0.0000,0.0000,0.0000,0.0500,0.0000
  2838,0.0000,0.0000,0.0000,0.0500,0.0000
  2839,0.0000,0.0000,0.0000,0.0000,0.0100
  2840,0.0000,0.0000,0.0000,0.0000,0.0100
  2841,0.0000,0.0000,0.0000,0.0000,0.0100
  2842,0.0000,0.0000,0.0000,0.0500,0.0000
  2843,0.0000,0.0000,0.0000,0.0500,0.0000
  2844,0.0000,0.0000,0.0000,0.0500,0.0000
  2845,0.0000,0.0000,0.0000,0.0500,0.0000
  2846,0.0000,0.0000,0.0000,0.0500,0.0000
  2847,0.0000,0.0000,0.0000,0.0500,0.0000
  2848,0.0000,0.0000,0.0000,0.0500,0.0000
  2849,0.0000,0.0000,0.0000,0.0500,0.0000
  2850,0.0000,0.0000,0.0000,0.0000,0.0100
  2851,0.0000,0.0000,0.0000,0.0000,0.0101
  2852,0.0000,0.0000,0.0000,0.0500,0.0000
  2853,0.0000,0.0000,0.0000,0.0000,0.0107
  2854,0.0000,0.0000,0.0000,0.0000,0.0125
  2855,0.0000,0.0000,0.0000,0.0000,0.0118
  2856,0.0000,0.0000,0.0000,0.0000,0.0380
  2857,0.0000,0.0000,0.0000,0.0000,0.0102
  2858,0.0000,0.0000,0.0000,0.0000,0.0406
  2859,0.0000,0.0000,0.0000,0.0000,0.0100
  2860,0.0000,0.0000,0.0000,0.0000,0.0100
  2861,0.0000,0.0000,0.0000,0.0000,0.0100
  2862,0.0000,0.0000,0.0000,0.0000,0.0100
  2863,0.0000,0.0000,0.0000,0.0500,0.0000
  2864,357.1429,357.1429,0.0000,0.0000,0.0000
  2865,357.1429,357.1429,0.0000,0.0000,0.0000
  2866,357.1429,357.1429,0.0000,0.0000,0.0000
  2867,0.0000,0.0000,0.0000,0.0500,0.0000
  2868,0.0000,0.0000,0.0000,0.0500,0.0000
  2869,0.0000,0.0000,0.0000,0.0500,0.0000
  2870,391.4553,391.4553,0.0000,0.0000,0.0000
  2871,357.2955,357.2955,0.0000,0.0000,0.0000
  2872,361.5200,361.5200,0.0000,0.0000,0.0000
  2873,357.1449,357.1449,0.0000,0.0000,0.0000
  2874,357.1430,357.1430,0.0000,0.0000,0.0000
  2875,0.0000,0.0000,0.0000,0.0500,0.0000
  2876,357.1429,357.1429,0.0000,0.0000,0.0000
  2877,0.0000,0.0000,0.0000,0.0100,0.0000
  2878,0.0000,0.0000,0.0000,0.0500,0.0000
  2879,0.0000,0.0000,0.0000,0.0500,0.0000
  2880,0.0000,0.0000,0.0000,0.0500,0.0000
  2881,0.0000,0.0000,0.0000,0.0100,0.0000
  2882,0.0000,0.0000,0.0000,0.0100,0.0000
  2883,0.0000,0.0000,0.0000,0.0100,0.0000
  2884,0.0000,0.0000,0.0000,0.0500,0.0000
  2885,0.0000,0.0000,0.0000,0.0100,0.0000
  2886,0.0000,0.0000,0.0000,0.0100,0.0000
  2887,0.0000,0.0000,0.0000,0.0000,0.0100
  2888,0.0000,0.0000,0.0000,0.0500,0.0000
  2889,0.0000,0.0000,0.0000,0.0000,0.0100
  2890,0.0000,0.0000,0.0000,0.0500,0.0000
  2891,0.0000,0.0000,0.0000,0.0000,0.0104
  2892,382.5227,382.5227,0.0000,0.0000,0.0000
  2893,383.5472,383.5472,0.0000,0.0000,0.0000
  2894,0.0000,0.0000,0.0000,0.0000,0.0116
  2895,0.0000,0.0000,0.0000,0.0000,0.0000
  2896,0.0000,0.0000,0.0000,0.0000,0.0000
  2897,0.0000,0.0000,0.0000,0.0000,0.0000
  2898,0.0000,0.0000,0.0000,0.0000,0.0000
  2899,0.0000,0.0000,0.0000,0.0500,0.0000
  2900,0.0000,0.0000,0.0000,0.0500,0.0000
  2901,0.0000,0.0000,0.0000,0.0500,0.0000
  2902,357.1437,357.1437,0.0000,0.0000,0.0000
  2903,357.1437,357.1437,0.0000,0.0000,0.0000
  2904,0.0000,0.0000,0.0000,0.0500,0.0000
  2905,357.1436,357.1436,0.0000,0.0000,0.0000
  2906,0.0000,0.0000,0.0000,0.0500,0.0000
  2907,357.1432,357.1432,0.0000,0.0000,0.0000
  2908,0.0000,0.0000,0.0000,0.0500,0.0000
  2909,0.0000,0.0000,0.0000,0.0500,0.0000
  2910,357.1429,357.1429,0.0000,0.0000,0.0000
  2911,357.1429,357.1429,0.0000,0.0000,0.0000
  2912,0.0000,0.0000,0.0000,0.0500,0.0000
  2913,0.0000,0.0000,0.0000,0.0500,0.0000
  2914,0.0000,0.0000,0.0000,0.1500,0.0113
  2915,0.0000,0.0000,0.0000,0.2000,0.0118
  2916,0.0000,0.0000,0.0000,0.1500,0.0106
  2917,0.0000,0.0000,0.0000,0.1500,0.0107
  2918,0.0000,0.0000,0.0000,0.1500,0.0111
  2919,0.0000,0.0000,0.0000,0.1500,0.0108
  2920,0.0000,0.0000,0.0000,0.1500,0.1520
  2921,0.0000,0.0000,0.0000,0.2000,1.7222
  2922,0.0000,0.0000,0.0000,0.1500,0.0832
  2923,0.0000,0.0000,0.0000,0.1500,0.2170
  2924,0.0000,0.0000,0.0000,0.1500,0.0275
  2925,0.0000,0.0000,0.0000,0.2500,0.0100
  2926,0.0000,0.0000,0.0000,0.2000,0.0100
  2927,0.0000,0.0000,0.0000,0.2500,0.0100
  2928,537.1159,537.1159,0.0000,0.0000,0.0000
  2929,0.0000,0.0000,0.0000,0.2500,0.0100
  2930,0.0000,0.0000,0.0000,0.2500,0.0100
  2931,0.0000,0.0000,0.0000,0.3000,0.0100
  2932,0.0000,0.0000,0.0000,0.3000,0.0100
  2933,0.0000,0.0000,0.0000,0.3000,0.0100
  2934,0.0000,0.0000,0.0000,0.3000,0.0100
  2935,444.2416,444.2416,0.0000,0.0000,0.0000
  2936,434.3172,434.3172,0.0000,0.0000,0.0000
  2937,0.0000,0.0000,0.0000,0.2000,0.0155
  2938,0.0000,0.0000,0.0000,0.2000,0.0139
  2939,698.2733,698.2733,0.0000,0.0000,0.0000
  2940,0.0000,0.0000,0.0000,0.2000,0.0140
  2941,0.0000,0.0000,0.0000,0.3000,0.0000
  2942,0.0000,0.0000,0.0000,0.3000,0.0000
  2943,0.0000,0.0000,0.0000,0.3000,0.0000
  2944,0.0000,0.0000,0.0000,0.3000,0.0000
  2945,0.0000,0.0000,0.0000,0.3000,0.0000
  2946,0.0000,0.0000,0.0000,0.3000,0.0000
  2947,0.0000,0.0000,0.0000,0.3000,0.0100
  2948,0.0000,0.0000,0.0000,0.3000,0.0100
  2949,0.0000,0.0000,0.0000,0.2500,0.0100
  2950,0.0000,0.0000,0.0000,0.2500,0.0100
  2951,0.0000,0.0000,0.0000,0.0100,0.0000
  2952,2749.0406,2749.0406,0.0000,0.0000,0.0000
  2953,6284.4695,6284.4695,0.0000,0.0000,0.0000
  2954,0.0000,0.0000,0.0000,0.2000,0.0180
  2955,0.0000,0.0000,0.0000,0.2500,0.0103
  2956,0.0000,0.0000,0.0000,0.0000,0.0119
  2957,0.0000,0.0000,0.0000,0.2500,0.0100
  2958,0.0000,0.0000,0.0000,0.0000,0.0119
  2959,0.0000,0.0000,0.0000,0.0000,0.0146
  2960,0.0000,0.0000,0.0000,0.0000,0.0466
  2961,0.0000,0.0000,0.0000,0.0500,0.0000
  2962,0.0000,0.0000,0.0000,0.0500,0.0000
  2963,0.0000,0.0000,0.0000,0.0000,0.2544
  2964,0.0000,0.0000,0.0000,0.0500,0.0000
  2965,0.0000,0.0000,0.0000,0.0500,0.0000
  2966,0.0000,0.0000,0.0000,0.0000,0.0000
  2967,0.0000,0.0000,0.0000,0.0500,0.0000
  2968,0.0000,0.0000,0.0000,0.0000,0.0000
  2969,0.0000,0.0000,0.0000,0.0500,0.0000
  2970,0.0000,0.0000,0.0000,0.0500,0.0000
  2971,0.0000,0.0000,0.0000,0.0500,0.0000
  2972,0.0000,0.0000,0.0000,0.0500,0.0000
  2973,0.0000,0.0000,0.0000,0.0500,0.0000
  2974,0.0000,0.0000,0.0000,0.0500,0.0000
  2975,0.0000,0.0000,0.0000,0.0500,0.0000
  2976,0.0000,0.0000,0.0000,0.0000,0.0100
  2977,0.0000,0.0000,0.0000,0.0500,0.0000
  2978,0.0000,0.0000,0.0000,0.0500,0.0000
  2979,0.0000,0.0000,0.0000,0.0500,0.0000
  2980,0.0000,0.0000,0.0000,0.0500,0.0000
  2981,0.0000,0.0000,0.0000,0.0500,0.0000
  2982,0.0000,0.0000,0.0000,0.0500,0.0000
  2983,0.0000,0.0000,0.0000,0.0500,0.0000
  2984,0.0000,0.0000,0.0000,0.0000,0.0000
  2985,0.0000,0.0000,0.0000,0.0500,0.0000
  2986,0.0000,0.0000,0.0000,0.0500,0.0000
  2987,0.0000,0.0000,0.0000,0.0500,0.0000
  2988,0.0000,0.0000,0.0000,0.0500,0.0000
  2989,0.0000,0.0000,0.0000,0.0000,0.0100
  2990,0.0000,0.0000,0.0000,0.0000,0.0100
  2991,0.0000,0.0000,0.0000,0.0000,0.0275
  2992,0.0000,0.0000,0.0000,0.0000,0.0102
  2993,0.0000,0.0000,0.0000,0.0000,0.0131
  2994,0.0000,0.0000,0.0000,0.0000,0.0100
  2995,0.0000,0.0000,0.0000,0.0000,0.0623
  2996,0.0000,0.0000,0.0000,0.0000,0.0100
  2997,0.0000,0.0000,0.0000,0.0000,0.0328
  2998,0.0000,0.0000,0.0000,0.0000,0.0100
  2999,0.0000,0.0000,0.0000,0.0000,0.0100
  3000,0.0000,0.0000,0.0000,0.0000,0.0100
  3001,0.0000,0.0000,0.0000,0.0000,0.0100
  3002,0.0000,0.0000,0.0000,0.0500,0.0000
  3003,357.1429,357.1429,0.0000,0.0000,0.0000
  3004,357.1429,357.1429,0.0000,0.0000,0.0000
  3005,0.0000,0.0000,0.0000,0.0000,0.0000
  3006,0.0000,0.0000,0.0000,0.0000,0.0000
  3007,443.8675,443.8675,0.0000,0.0000,0.0000
  3008,357.1469,357.1469,0.0000,0.0000,0.0000
  3009,357.5335,357.5335,0.0000,0.0000,0.0000
  3010,0.0000,0.0000,0.0000,0.0500,0.0000
  3011,425.8266,425.8266,0.0000,0.0000,0.0000
  3012,357.1431,357.1431,0.0000,0.0000,0.0000
  3013,357.1430,357.1430,0.0000,0.0000,0.0000
  3014,0.0000,0.0000,0.0000,0.0100,0.0000
  3015,0.0000,0.0000,0.0000,0.0500,0.0000
  3016,0.0000,0.0000,0.0000,0.0500,0.0000
  3017,0.0000,0.0000,0.0000,0.0100,0.0000
  3018,0.0000,0.0000,0.0000,0.0500,0.0000
  3019,0.0000,0.0000,0.0000,0.0000,0.0000
  3020,0.0000,0.0000,0.0000,0.0100,0.0000
  3021,0.0000,0.0000,0.0000,0.0100,0.0000
  3022,0.0000,0.0000,0.0000,0.0100,0.0000
  3023,0.0000,0.0000,0.0000,0.0500,0.0000
  3024,0.0000,0.0000,0.0000,0.0100,0.0000
  3025,0.0000,0.0000,0.0000,0.0100,0.0000
  3026,0.0000,0.0000,0.0000,0.0500,0.0000
  3027,0.0000,0.0000,0.0000,0.0100,0.0000
  3028,0.0000,0.0000,0.0000,0.0000,0.0100
  3029,0.0000,0.0000,0.0000,0.0500,0.0000
  3030,0.0000,0.0000,0.0000,0.0000,0.0100
  3031,0.0000,0.0000,0.0000,0.0500,0.0000
  3032,393.2591,393.2591,0.0000,0.0000,0.0000
  3033,385.0188,385.0188,0.0000,0.0000,0.0000
  3034,376.3322,376.3322,0.0000,0.0000,0.0000
  3035,0.0000,0.0000,0.0000,0.0000,0.0000
  3036,0.0000,0.0000,0.0000,0.0000,0.0000
  3037,0.0000,0.0000,0.0000,0.0000,0.0000
  3038,0.0000,0.0000,0.0000,0.0500,0.0000
  3039,0.0000,0.0000,0.0000,0.0500,0.0000
  3040,0.0000,0.0000,0.0000,0.0000,0.0100
  3041,357.1441,357.1441,0.0000,0.0000,0.0000
  3042,357.1439,357.1439,0.0000,0.0000,0.0000
  3043,0.0000,0.0000,0.0000,0.0500,0.0000
  3044,357.1434,357.1434,0.0000,0.0000,0.0000
  3045,0.0000,0.0000,0.0000,0.0500,0.0000
  3046,357.1430,357.1430,0.0000,0.0000,0.0000
  3047,0.0000,0.0000,0.0000,0.0500,0.0000
  3048,357.1429,357.1429,0.0000,0.0000,0.0000
  3049,0.0000,0.0000,0.0000,0.0500,0.0000
  3050,0.0000,0.0000,0.0000,0.0500,0.0000
  3051,0.0000,0.0000,0.0000,0.0100,0.0000
  3052,0.0000,0.0000,0.0000,0.0100,0.0000
  3053,0.0000,0.0000,0.0000,0.0100,0.0000
  3054,0.0000,0.0000,0.0000,0.2000,0.0115
  3055,0.0000,0.0000,0.0000,0.1500,0.0108
  3056,0.0000,0.0000,0.0000,0.2000,0.0135
  3057,0.0000,0.0000,0.0000,0.2000,0.0113
  3058,0.0000,0.0000,0.0000,0.1500,0.0107
  3059,0.0000,0.0000,0.0000,0.1500,0.0110
  3060,0.0000,0.0000,0.0000,0.1500,0.3765
  3061,0.0000,0.0000,0.0000,0.1500,0.0134
  3062,0.0000,0.0000,0.0000,0.1500,2.9468
  3063,0.0000,0.0000,0.0000,0.1500,3.7375
  3064,0.0000,0.0000,0.0000,0.2500,0.0100
  3065,0.0000,0.0000,0.0000,0.2000,0.0101
  3066,0.0000,0.0000,0.0000,0.2500,0.0100
  3067,0.0000,0.0000,0.0000,0.2500,0.0100
  3068,0.0000,0.0000,0.0000,0.3000,0.0100
  3069,0.0000,0.0000,0.0000,0.3000,0.0100
  3070,0.0000,0.0000,0.0000,0.3000,0.0100
  3071,0.0000,0.0000,0.0000,0.3000,0.0100
  3072,0.0000,0.0000,0.0000,0.3500,0.0000
  3073,0.0000,0.0000,0.0000,0.3000,0.0100
  3074,0.0000,0.0000,0.0000,0.3000,0.0100
  3075,461.5371,461.5371,0.0000,0.0000,0.0000
  3076,443.9131,443.9131,0.0000,0.0000,0.0000
  3077,0.0000,0.0000,0.0000,0.2000,0.0181
  3078,456.3257,456.3257,0.0000,0.0000,0.0000
  3079,0.0000,0.0000,0.0000,0.2000,0.0208
  3080,418.6841,418.6841,0.0000,0.0000,0.0000
  3081,0.0000,0.0000,0.0000,0.2000,0.0102
  3082,0.0000,0.0000,0.0000,0.3500,0.0000
  3083,0.0000,0.0000,0.0000,0.3000,0.0000
  3084,0.0000,0.0000,0.0000,0.3000,0.0000
  3085,0.0000,0.0000,0.0000,0.3000,0.0000
  3086,0.0000,0.0000,0.0000,0.3000,0.0000
  3087,0.0000,0.0000,0.0000,0.3000,0.0000
  3088,0.0000,0.0000,0.0000,0.3000,0.0100
  3089,0.0000,0.0000,0.0000,0.3000,0.0100
  3090,0.0000,0.0000,0.0000,0.2500,0.0100
  3091,0.0000,0.0000,0.0000,0.2500,0.0100
  3092,459.5139,459.5139,0.0000,0.0000,0.0000
  3093,508.0614,508.0614,0.0000,0.0000,0.0000
  3094,15919.7001,15919.7001,0.0000,0.0000,0.0000
  3095,377.8481,377.8481,0.0000,0.0000,0.0000
  3096,0.0000,0.0000,0.0000,0.0000,0.2833
  3097,10297.0435,10297.0435,0.0000,0.0000,0.0000
  3098,13955.4928,13955.4928,0.0000,0.0000,0.0000
  3099,2420.7294,2420.7294,0.0000,0.0000,0.0000
  3100,0.0000,0.0000,0.0000,0.2500,0.0111
  3101,0.0000,0.0000,0.0000,0.0000,0.0000
  3102,0.0000,0.0000,0.0000,0.0000,0.0264
  3103,0.0000,0.0000,0.0000,0.0000,0.0643
  3104,0.0000,0.0000,0.0000,0.0000,0.6387
  3105,0.0000,0.0000,0.0000,0.0500,0.0000
  3106,0.0000,0.0000,0.0000,0.0500,0.0000
  3107,0.0000,0.0000,0.0000,0.0500,0.0000
  3108,0.0000,0.0000,0.0000,0.0500,0.0000
  3109,0.0000,0.0000,0.0000,0.0500,0.0000
  3110,0.0000,0.0000,0.0000,0.0000,0.0000
  3111,0.0000,0.0000,0.0000,0.0500,0.0000
  3112,0.0000,0.0000,0.0000,0.0000,0.0000
  3113,0.0000,0.0000,0.0000,0.0500,0.0000
  3114,0.0000,0.0000,0.0000,0.0500,0.0000
  3115,0.0000,0.0000,0.0000,0.0000,0.0000
  3116,0.0000,0.0000,0.0000,0.0500,0.0000
  3117,0.0000,0.0000,0.0000,0.0500,0.0000
  3118,0.0000,0.0000,0.0000,0.0500,0.0000
  3119,0.0000,0.0000,0.0000,0.0500,0.0000
  3120,0.0000,0.0000,0.0000,0.0500,0.0000
  3121,0.0000,0.0000,0.0000,0.0500,0.0000
  3122,0.0000,0.0000,0.0000,0.0500,0.0000
  3123,0.0000,0.0000,0.0000,0.0500,0.0000
  3124,0.0000,0.0000,0.0000,0.0500,0.0000
  3125,0.0000,0.0000,0.0000,0.0500,0.0000
  3126,0.0000,0.0000,0.0000,0.0500,0.0000
  3127,0.0000,0.0000,0.0000,0.0000,0.0100
  3128,0.0000,0.0000,0.0000,0.0500,0.0000
  3129,0.0000,0.0000,0.0000,0.0500,0.0000
  3130,0.0000,0.0000,0.0000,0.0500,0.0000
  3131,0.0000,0.0000,0.0000,0.0500,0.0000
  3132,0.0000,0.0000,0.0000,0.0500,0.0000
  3133,0.0000,0.0000,0.0000,0.0500,0.0000
  3134,0.0000,0.0000,0.0000,0.0500,0.0000
  3135,0.0000,0.0000,0.0000,0.0500,0.0000
  3136,0.0000,0.0000,0.0000,0.0500,0.0000
  3137,0.0000,0.0000,0.0000,0.0500,0.0000
  3138,0.0000,0.0000,0.0000,0.0000,0.0903
  3139,0.0000,0.0000,0.0000,0.0000,0.0100
  3140,0.0000,0.0000,0.0000,0.0000,0.0101
  3141,0.0000,0.0000,0.0000,0.0000,0.0100
  3142,0.0000,0.0000,0.0000,0.0000,0.0105
  3143,0.0000,0.0000,0.0000,0.0000,0.0100
  3144,0.0000,0.0000,0.0000,0.0000,0.0105
  3145,0.0000,0.0000,0.0000,0.0000,0.0100
  3146,0.0000,0.0000,0.0000,0.0000,0.0109
  3147,0.0000,0.0000,0.0000,0.0000,0.0100
  3148,0.0000,0.0000,0.0000,0.0000,0.0100
  3149,0.0000,0.0000,0.0000,0.0000,0.0000
  3150,0.0000,0.0000,0.0000,0.0000,0.0000
  3151,0.0000,0.0000,0.0000,0.0000,0.0000
  3152,357.1429,357.1429,0.0000,0.0000,0.0000
  3153,0.0000,0.0000,0.0000,0.0100,0.0000
  3154,0.0000,0.0000,0.0000,0.0100,0.0000
  3155,0.0000,0.0000,0.0000,0.0100,0.0000
  3156,0.0000,0.0000,0.0000,0.0500,0.0000
  3157,0.0000,0.0000,0.0000,0.0500,0.0000
  3158,0.0000,0.0000,0.0000,0.0500,0.0000
  3159,0.0000,0.0000,0.0000,0.0000,0.0279
  3160,357.1429,357.1429,0.0000,0.0000,0.0000
  3161,0.0000,0.0000,0.0000,0.0100,0.0000
  3162,0.0000,0.0000,0.0000,0.0000,0.0000
  3163,0.0000,0.0000,0.0000,0.0100,0.0000
  3164,0.0000,0.0000,0.0000,0.0500,0.0000
  3165,0.0000,0.0000,0.0000,0.0000,0.0000
  3166,0.0000,0.0000,0.0000,0.0000,0.0000
  3167,0.0000,0.0000,0.0000,0.0100,0.0000
  3168,0.0000,0.0000,0.0000,0.0100,0.0000
  3169,0.0000,0.0000,0.0000,0.0100,0.0000
  3170,0.0000,0.0000,0.0000,0.0100,0.0000
  3171,0.0000,0.0000,0.0000,0.0500,0.0000
  3172,0.0000,0.0000,0.0000,0.0100,0.0000
  3173,0.0000,0.0000,0.0000,0.0100,0.0000
  3174,0.0000,0.0000,0.0000,0.0000,0.0000
  3175,0.0000,0.0000,0.0000,0.0000,0.0100
  3176,0.0000,0.0000,0.0000,0.0000,0.0100
  3177,0.0000,0.0000,0.0000,0.0500,0.0000
  3178,387.2882,387.2882,0.0000,0.0000,0.0000
  3179,391.5166,391.5166,0.0000,0.0000,0.0000
  3180,379.4623,379.4623,0.0000,0.0000,0.0000
  3181,374.5166,374.5166,0.0000,0.0000,0.0000
  3182,0.0000,0.0000,0.0000,0.0000,0.0000
  3183,0.0000,0.0000,0.0000,0.0000,0.0000
  3184,0.0000,0.0000,0.0000,0.0000,0.0000
  3185,0.0000,0.0000,0.0000,0.0500,0.0000
  3186,0.0000,0.0000,0.0000,0.0000,0.0100
  3187,0.0000,0.0000,0.0000,0.0000,0.0100
  3188,357.1465,357.1465,0.0000,0.0000,0.0000
  3189,357.1451,357.1451,0.0000,0.0000,0.0000
  3190,357.1661,357.1661,0.0000,0.0000,0.0000
  3191,357.1434,357.1434,0.0000,0.0000,0.0000
  3192,0.0000,0.0000,0.0000,0.0500,0.0000
  3193,357.1430,357.1430,0.0000,0.0000,0.0000
  3194,0.0000,0.0000,0.0000,0.0500,0.0000
  3195,357.1429,357.1429,0.0000,0.0000,0.0000
  3196,0.0000,0.0000,0.0000,0.0500,0.0000
  3197,0.0000,0.0000,0.0000,0.0500,0.0000
  3198,0.0000,0.0000,0.0000,0.0100,0.0000
  3199,0.0000,0.0000,0.0000,0.0500,0.0000
  3200,0.0000,0.0000,0.0000,0.0500,0.0000
  3201,0.0000,0.0000,0.0000,0.0100,0.0000
  3202,0.0000,0.0000,0.0000,0.2000,0.0109
  3203,0.0000,0.0000,0.0000,0.2000,0.0109
  3204,0.0000,0.0000,0.0000,0.2000,0.0109
  3205,0.0000,0.0000,0.0000,0.1500,0.3494
  3206,0.0000,0.0000,0.0000,0.2000,0.0110
  3207,0.0000,0.0000,0.0000,0.2000,0.0112
  3208,0.0000,0.0000,0.0000,0.2000,0.0108
  3209,0.0000,0.0000,0.0000,0.2500,0.0100
  3210,0.0000,0.0000,0.0000,0.2500,0.0100
  3211,0.0000,0.0000,0.0000,0.3000,0.0100
  3212,0.0000,0.0000,0.0000,0.3000,0.0100
  3213,0.0000,0.0000,0.0000,0.3000,0.0100
  3214,0.0000,0.0000,0.0000,0.3000,0.0000
  3215,0.0000,0.0000,0.0000,0.3500,0.0000
  3216,0.0000,0.0000,0.0000,0.3000,0.0100
  3217,0.0000,0.0000,0.0000,0.3000,0.0100
  3218,0.0000,0.0000,0.0000,0.3000,0.0100
  3219,0.0000,0.0000,0.0000,0.3000,0.0100
  3220,490.6675,490.6675,0.0000,0.0000,0.0000
  3221,599.2371,599.2371,0.0000,0.0000,0.0000
  3222,542.6759,542.6759,0.0000,0.0000,0.0000
  3223,633.2082,633.2082,0.0000,0.0000,0.0000
  3224,0.0000,0.0000,0.0000,0.2000,0.0337
  3225,590.8848,590.8848,0.0000,0.0000,0.0000
  3226,0.0000,0.0000,0.0000,0.2000,0.0133
  3227,0.0000,0.0000,0.0000,0.2500,0.0102
  3228,0.0000,0.0000,0.0000,0.2000,0.0113
  3229,0.0000,0.0000,0.0000,0.2500,0.0100
  3230,0.0000,0.0000,0.0000,0.3000,0.0000
  3231,0.0000,0.0000,0.0000,0.3000,0.0000
  3232,0.0000,0.0000,0.0000,0.3000,0.0000
  3233,0.0000,0.0000,0.0000,0.3000,0.0000
  3234,0.0000,0.0000,0.0000,0.3000,0.0000
  3235,0.0000,0.0000,0.0000,0.3000,0.0000
  3236,0.0000,0.0000,0.0000,0.3000,0.0000
  3237,0.0000,0.0000,0.0000,0.3000,0.0100
  3238,0.0000,0.0000,0.0000,0.3000,0.0100
  3239,0.0000,0.0000,0.0000,0.0000,0.0000
  3240,4135.2669,4135.2669,0.0000,0.0000,0.0000
  3241,17477.0715,17477.0715,0.0000,0.0000,0.0000
  3242,17889.0053,17889.0053,0.0000,0.0000,0.0000
  3243,17877.6169,17877.6169,0.0000,0.0000,0.0000
  3244,17700.5638,17700.5638,0.0000,0.0000,0.0000
  3245,0.0000,0.0000,0.0000,0.0000,7.3607
  3246,16277.7871,16277.7871,0.0000,0.0000,0.0000
  3247,17073.6579,17073.6579,0.0000,0.0000,0.0000
  3248,11386.8402,11386.8402,0.0000,0.0000,0.0000
  3249,17656.1632,17656.1632,0.0000,0.0000,0.0000
  3250,6103.9033,6103.9033,0.0000,0.0000,0.0000
  3251,0.0000,0.0000,0.0000,0.0000,3.7425
  3252,0.0000,0.0000,0.0000,0.0000,11.6315
  3253,0.0000,0.0000,0.0000,0.0000,29.5112
  3254,0.0000,0.0000,0.0000,0.0500,0.0000
  3255,0.0000,0.0000,0.0000,0.0500,0.0000
  3256,0.0000,0.0000,0.0000,0.0500,0.0000
  3257,0.0000,0.0000,0.0000,0.0500,0.0000
  3258,0.0000,0.0000,0.0000,0.0000,0.0215
  3259,0.0000,0.0000,0.0000,0.0500,0.0000
  3260,0.0000,0.0000,0.0000,0.0000,0.0508
  3261,0.0000,0.0000,0.0000,0.0500,0.0000
  3262,0.0000,0.0000,0.0000,0.0500,0.0000
  3263,0.0000,0.0000,0.0000,0.0500,0.0000
  3264,0.0000,0.0000,0.0000,0.0500,0.0000
  3265,0.0000,0.0000,0.0000,0.0500,0.0000
  3266,0.0000,0.0000,0.0000,0.0500,0.0000
  3267,0.0000,0.0000,0.0000,0.0500,0.0000
  3268,0.0000,0.0000,0.0000,0.0500,0.0000
  3269,0.0000,0.0000,0.0000,0.0500,0.0000
  3270,0.0000,0.0000,0.0000,0.0500,0.0000
  3271,0.0000,0.0000,0.0000,0.0500,0.0000
  3272,0.0000,0.0000,0.0000,0.0500,0.0000
  3273,0.0000,0.0000,0.0000,0.0500,0.0000
  3274,0.0000,0.0000,0.0000,0.0500,0.0000
  3275,0.0000,0.0000,0.0000,0.0500,0.0000
  3276,0.0000,0.0000,0.0000,0.0500,0.0000
  3277,0.0000,0.0000,0.0000,0.0500,0.0000
  3278,0.0000,0.0000,0.0000,0.0000,0.0100
  3279,0.0000,0.0000,0.0000,0.0500,0.0000
  3280,0.0000,0.0000,0.0000,0.0500,0.0000
  3281,0.0000,0.0000,0.0000,0.0500,0.0000
  3282,0.0000,0.0000,0.0000,0.0500,0.0000
  3283,0.0000,0.0000,0.0000,0.0500,0.0000
  3284,0.0000,0.0000,0.0000,0.0000,0.4865
  3285,0.0000,0.0000,0.0000,0.0000,0.0100
  3286,0.0000,0.0000,0.0000,0.0000,0.0100
  3287,0.0000,0.0000,0.0000,0.0000,0.0100
  3288,0.0000,0.0000,0.0000,0.0000,0.0101
  3289,0.0000,0.0000,0.0000,0.0000,0.0100
  3290,0.0000,0.0000,0.0000,0.0000,0.0100
  3291,0.0000,0.0000,0.0000,0.0000,0.0000
  3292,0.0000,0.0000,0.0000,0.0000,0.0100
  3293,0.0000,0.0000,0.0000,0.0000,0.0000
  3294,0.0000,0.0000,0.0000,0.0000,0.0155
  3295,0.0000,0.0000,0.0000,0.0000,0.0000
  3296,0.0000,0.0000,0.0000,0.0000,0.0000
  3297,0.0000,0.0000,0.0000,0.0500,0.0000
  3298,0.0000,0.0000,0.0000,0.0000,0.0000
  3299,0.0000,0.0000,0.0000,0.0000,0.0000
  3300,357.1429,357.1429,0.0000,0.0000,0.0000
  3301,0.0000,0.0000,0.0000,0.0100,0.0000
  3302,0.0000,0.0000,0.0000,0.0100,0.0000
  3303,0.0000,0.0000,0.0000,0.0100,0.0000
  3304,0.0000,0.0000,0.0000,0.0100,0.0000
  3305,0.0000,0.0000,0.0000,0.0500,0.0000
  3306,0.0000,0.0000,0.0000,0.0000,0.0123
  3307,0.0000,0.0000,0.0000,0.0000,0.0148
  3308,0.0000,0.0000,0.0000,0.0100,0.0000
  3309,0.0000,0.0000,0.0000,0.0000,0.0217
  3310,0.0000,0.0000,0.0000,0.0100,0.0000
  3311,0.0000,0.0000,0.0000,0.0100,0.0000
  3312,0.0000,0.0000,0.0000,0.0000,0.0322
  3313,0.0000,0.0000,0.0000,0.0100,0.0000
  3314,0.0000,0.0000,0.0000,0.0000,0.0000
  3315,0.0000,0.0000,0.0000,0.0100,0.0000
  3316,0.0000,0.0000,0.0000,0.0500,0.0000
  3317,0.0000,0.0000,0.0000,0.0000,0.0000
  3318,0.0000,0.0000,0.0000,0.0000,0.0000
  3319,0.0000,0.0000,0.0000,0.0000,0.0000
  3320,0.0000,0.0000,0.0000,0.0500,0.0000
  3321,0.0000,0.0000,0.0000,0.0100,0.0000
  3322,0.0000,0.0000,0.0000,0.0100,0.0000
  3323,0.0000,0.0000,0.0000,0.0100,0.0000
  3324,0.0000,0.0000,0.0000,0.0100,0.0000
  3325,0.0000,0.0000,0.0000,0.0100,0.0000
  3326,0.0000,0.0000,0.0000,0.0100,0.0000
  3327,0.0000,0.0000,0.0000,0.0100,0.0000
  3328,0.0000,0.0000,0.0000,0.0100,0.0000
  3329,0.0000,0.0000,0.0000,0.0100,0.0000
  3330,0.0000,0.0000,0.0000,0.0000,0.0000
  3331,0.0000,0.0000,0.0000,0.0100,0.0000
  3332,0.0000,0.0000,0.0000,0.0000,0.0100
  3333,0.0000,0.0000,0.0000,0.0500,0.0000
  3334,371.8265,371.8265,0.0000,0.0000,0.0000
  3335,403.1677,403.1677,0.0000,0.0000,0.0000
  3336,424.6296,424.6296,0.0000,0.0000,0.0000
  3337,383.2973,383.2973,0.0000,0.0000,0.0000
  3338,0.0000,0.0000,0.0000,0.0000,0.0000
  3339,378.3136,378.3136,0.0000,0.0000,0.0000
  3340,385.5022,385.5022,0.0000,0.0000,0.0000
  3341,0.0000,0.0000,0.0000,0.0000,0.0000
  3342,0.0000,0.0000,0.0000,0.0000,0.0100
  3343,0.0000,0.0000,0.0000,0.0000,0.0100
  3344,0.0000,0.0000,0.0000,0.0000,0.0100
  3345,357.1489,357.1489,0.0000,0.0000,0.0000
  3346,357.1458,357.1458,0.0000,0.0000,0.0000
  3347,357.1759,357.1759,0.0000,0.0000,0.0000
  3348,357.1434,357.1434,0.0000,0.0000,0.0000
  3349,357.2278,357.2278,0.0000,0.0000,0.0000
  3350,357.1430,357.1430,0.0000,0.0000,0.0000
  3351,0.0000,0.0000,0.0000,0.0500,0.0000
  3352,0.0000,0.0000,0.0000,0.0500,0.0000
  3353,0.0000,0.0000,0.0000,0.0500,0.0000
  3354,0.0000,0.0000,0.0000,0.0500,0.0000
  3355,0.0000,0.0000,0.0000,0.0500,0.0000
  3356,0.0000,0.0000,0.0000,0.0500,0.0000
  3357,0.0000,0.0000,0.0000,0.0500,0.0000
  3358,0.0000,0.0000,0.0000,0.0000,0.0100
  3359,0.0000,0.0000,0.0000,0.0000,0.0100
  3360,0.0000,0.0000,0.0000,0.2000,0.0149
  3361,0.0000,0.0000,0.0000,0.2000,0.0120
  3362,0.0000,0.0000,0.0000,0.0000,0.0000
  3363,6546.5817,6546.5817,0.0000,0.0000,0.0000
  3364,0.0000,0.0000,0.0000,0.0000,0.0000
  3365,0.0000,0.0000,0.0000,0.2500,0.0100
  3366,0.0000,0.0000,0.0000,0.3000,0.0100
  3367,0.0000,0.0000,0.0000,0.3000,0.0100
  3368,0.0000,0.0000,0.0000,0.3000,0.0100
  3369,0.0000,0.0000,0.0000,0.3000,0.0000
  3370,0.0000,0.0000,0.0000,0.3000,0.0000
  3371,0.0000,0.0000,0.0000,0.3000,0.0100
  3372,0.0000,0.0000,0.0000,0.3000,0.0100
  3373,0.0000,0.0000,0.0000,0.3000,0.0100
  3374,0.0000,0.0000,0.0000,0.3000,0.0100
  3375,0.0000,0.0000,0.0000,0.3000,0.0100
  3376,0.0000,0.0000,0.0000,0.3000,0.0100
  3377,530.8059,530.8059,0.0000,0.0000,0.0000
  3378,794.2590,794.2590,0.0000,0.0000,0.0000
  3379,1943.5715,1943.5715,0.0000,0.0000,0.0000
  3380,556.6059,556.6059,0.0000,0.0000,0.0000
  3381,3350.0299,3350.0299,0.0000,0.0000,0.0000
  3382,0.0000,0.0000,0.0000,0.2000,0.0260
  3383,0.0000,0.0000,0.0000,0.2000,0.0205
  3384,3721.0432,3721.0432,0.0000,0.0000,0.0000
  3385,0.0000,0.0000,0.0000,0.2500,0.0100
  3386,0.0000,0.0000,0.0000,0.0000,0.0924
  3387,0.0000,0.0000,0.0000,0.2000,0.0113
  3388,0.0000,0.0000,0.0000,0.2500,0.0100
  3389,0.0000,0.0000,0.0000,0.2500,0.0100
  3390,0.0000,0.0000,0.0000,0.2000,0.0115
  3391,0.0000,0.0000,0.0000,0.2500,0.0100
  3392,0.0000,0.0000,0.0000,0.2500,0.0100
  3393,0.0000,0.0000,0.0000,0.3000,0.0000
  3394,0.0000,0.0000,0.0000,0.3000,0.0000
  3395,0.0000,0.0000,0.0000,0.3000,0.0000
  3396,0.0000,0.0000,0.0000,0.2500,0.0100
  3397,0.0000,0.0000,0.0000,0.3000,0.0100
  3398,0.0000,0.0000,0.0000,0.2500,0.0100
  3399,0.0000,0.0000,0.0000,0.2500,0.0100
  3400,0.0000,0.0000,0.0000,0.2500,0.0100
  3401,0.0000,0.0000,0.0000,0.2500,0.0100
  3402,0.0000,0.0000,0.0000,0.2500,0.0101
  3403,0.0000,0.0000,0.0000,0.2500,0.0101
  3404,17253.1425,17253.1425,0.0000,0.0000,0.0000
  3405,17895.3015,17895.3015,0.0000,0.0000,0.0000
  3406,0.0000,0.0000,0.0000,0.0000,37.4503
  3407,17896.0776,17896.0776,0.0000,0.0000,0.0000
  3408,0.0000,0.0000,0.0000,0.0000,0.0000
  3409,0.0000,0.0000,0.0000,0.0000,0.0000
  3410,0.0000,0.0000,0.0000,0.0000,49.7874
  3411,0.0000,0.0000,0.0000,0.0000,49.9473
  3412,0.0000,0.0000,0.0000,0.0000,49.8091
  3413,0.0000,0.0000,0.0000,0.0500,0.0000
  3414,0.0000,0.0000,0.0000,0.0500,0.0000
  3415,0.0000,0.0000,0.0000,0.0100,0.0000
  3416,0.0000,0.0000,0.0000,0.0500,0.0000
  3417,0.0000,0.0000,0.0000,0.0500,0.0000
  3418,0.0000,0.0000,0.0000,0.0500,0.0000
  3419,0.0000,0.0000,0.0000,0.0000,0.0131
  3420,0.0000,0.0000,0.0000,0.0500,0.0000
  3421,0.0000,0.0000,0.0000,0.0500,0.0000
  3422,0.0000,0.0000,0.0000,0.0500,0.0000
  3423,0.0000,0.0000,0.0000,0.0000,0.0100
  3424,0.0000,0.0000,0.0000,0.0500,0.0000
  3425,0.0000,0.0000,0.0000,0.0500,0.0000
  3426,0.0000,0.0000,0.0000,0.0500,0.0000
  3427,0.0000,0.0000,0.0000,0.0500,0.0000
  3428,0.0000,0.0000,0.0000,0.0500,0.0000
  3429,0.0000,0.0000,0.0000,0.0500,0.0000
  3430,0.0000,0.0000,0.0000,0.0500,0.0000
  3431,0.0000,0.0000,0.0000,0.0500,0.0000
  3432,0.0000,0.0000,0.0000,0.0500,0.0000
  3433,0.0000,0.0000,0.0000,0.0500,0.0000
  3434,0.0000,0.0000,0.0000,0.0000,0.0100
  3435,0.0000,0.0000,0.0000,0.0500,0.0000
  3436,0.0000,0.0000,0.0000,0.0500,0.0000
  3437,0.0000,0.0000,0.0000,0.0500,0.0000
  3438,0.0000,0.0000,0.0000,0.0500,0.0000
  3439,0.0000,0.0000,0.0000,0.0500,0.0000
  3440,0.0000,0.0000,0.0000,0.0500,0.0000
  3441,0.0000,0.0000,0.0000,0.0500,0.0000
  3442,0.0000,0.0000,0.0000,0.0500,0.0000
  3443,0.0000,0.0000,0.0000,0.0500,0.0000
  3444,0.0000,0.0000,0.0000,0.0000,26.0562
  3445,0.0000,0.0000,0.0000,0.0000,0.0100
  3446,0.0000,0.0000,0.0000,0.0000,0.0100
  3447,0.0000,0.0000,0.0000,0.0000,0.0100
  3448,0.0000,0.0000,0.0000,0.0000,0.0100
  3449,0.0000,0.0000,0.0000,0.0000,0.0100
  3450,0.0000,0.0000,0.0000,0.0000,0.0100
  3451,0.0000,0.0000,0.0000,0.0000,0.0100
  3452,0.0000,0.0000,0.0000,0.0000,0.0100
  3453,0.0000,0.0000,0.0000,0.0000,0.0100
  3454,0.0000,0.0000,0.0000,0.0000,0.0101
  3455,0.0000,0.0000,0.0000,0.0000,0.0000
  3456,0.0000,0.0000,0.0000,0.0000,0.0131
  3457,0.0000,0.0000,0.0000,0.0000,0.0000
  3458,0.0000,0.0000,0.0000,0.0000,26.6128
  3459,0.0000,0.0000,0.0000,0.0000,0.0000
  3460,0.0000,0.0000,0.0000,0.0000,0.0000
  3461,0.0000,0.0000,0.0000,0.0500,0.0000
  3462,0.0000,0.0000,0.0000,0.0000,0.0000
  3463,0.0000,0.0000,0.0000,0.0000,0.0000
  3464,0.0000,0.0000,0.0000,0.0000,0.0000
  3465,0.0000,0.0000,0.0000,0.0500,0.0000
  3466,0.0000,0.0000,0.0000,0.0100,0.0000
  3467,0.0000,0.0000,0.0000,0.0500,0.0000
  3468,0.0000,0.0000,0.0000,0.0500,0.0000
  3469,0.0000,0.0000,0.0000,0.0000,0.0137
  3470,0.0000,0.0000,0.0000,0.0000,0.0108
  3471,0.0000,0.0000,0.0000,0.0000,0.0121
  3472,0.0000,0.0000,0.0000,0.0000,0.0129
  3473,0.0000,0.0000,0.0000,0.0100,0.0000
  3474,0.0000,0.0000,0.0000,0.0100,0.0000
  3475,0.0000,0.0000,0.0000,0.0100,0.0000
  3476,0.0000,0.0000,0.0000,0.0100,0.0000
  3477,0.0000,0.0000,0.0000,0.0100,0.0000
  3478,0.0000,0.0000,0.0000,0.0100,0.0000
  3479,0.0000,0.0000,0.0000,0.0000,0.0000
  3480,0.0000,0.0000,0.0000,0.0100,0.0000
  3481,0.0000,0.0000,0.0000,0.0000,0.0000
  3482,0.0000,0.0000,0.0000,0.0100,0.0000
  3483,0.0000,0.0000,0.0000,0.0000,0.0000
  3484,0.0000,0.0000,0.0000,0.0000,0.0000
  3485,0.0000,0.0000,0.0000,0.0100,0.0000
  3486,0.0000,0.0000,0.0000,0.0100,0.0000
  3487,0.0000,0.0000,0.0000,0.0100,0.0000
  3488,0.0000,0.0000,0.0000,0.0500,0.0000
  3489,0.0000,0.0000,0.0000,0.0100,0.0000
  3490,0.0000,0.0000,0.0000,0.0100,0.0000
  3491,0.0000,0.0000,0.0000,0.0100,0.0000
  3492,0.0000,0.0000,0.0000,0.0000,0.0000
  3493,0.0000,0.0000,0.0000,0.0000,0.0000
  3494,0.0000,0.0000,0.0000,0.0100,0.0000
  3495,0.0000,0.0000,0.0000,0.0100,0.0000
  3496,0.0000,0.0000,0.0000,0.0100,0.0000
  3497,0.0000,0.0000,0.0000,0.0500,0.0000
  3498,361.8730,361.8730,0.0000,0.0000,0.0000
  3499,385.7022,385.7022,0.0000,0.0000,0.0000
  3500,463.8768,463.8768,0.0000,0.0000,0.0000
  3501,386.5159,386.5159,0.0000,0.0000,0.0000
  3502,0.0000,0.0000,0.0000,0.0000,0.0000
  3503,0.0000,0.0000,0.0000,0.0000,0.0000
  3504,0.0000,0.0000,0.0000,0.0000,0.0000
  3505,372.8197,372.8197,0.0000,0.0000,0.0000
  3506,0.0000,0.0000,0.0000,0.0000,0.0000
  3507,370.5946,370.5946,0.0000,0.0000,0.0000
  3508,0.0000,0.0000,0.0000,0.0000,0.0100
  3509,0.0000,0.0000,0.0000,0.0000,0.0100
  3510,0.0000,0.0000,0.0000,0.0500,0.0000
  3511,357.1496,357.1496,0.0000,0.0000,0.0000
  3512,357.1457,357.1457,0.0000,0.0000,0.0000
  3513,357.1733,357.1733,0.0000,0.0000,0.0000
  3514,357.1435,357.1435,0.0000,0.0000,0.0000
  3515,357.1919,357.1919,0.0000,0.0000,0.0000
  3516,0.0000,0.0000,0.0000,0.0500,0.0000
  3517,0.0000,0.0000,0.0000,0.0500,0.0000
  3518,0.0000,0.0000,0.0000,0.0500,0.0000
  3519,0.0000,0.0000,0.0000,0.0500,0.0000
  3520,357.1432,357.1432,0.0000,0.0000,0.0000
  3521,0.0000,0.0000,0.0000,0.0500,0.0000
  3522,357.1429,357.1429,0.0000,0.0000,0.0000
  3523,0.0000,0.0000,0.0000,0.0000,0.0100
  3524,0.0000,0.0000,0.0000,0.0000,0.0100
  3525,0.0000,0.0000,0.0000,0.0000,0.0100
  3526,0.0000,0.0000,0.0000,0.0000,0.0000
  3527,0.0000,0.0000,0.0000,0.3000,0.0100
  3528,0.0000,0.0000,0.0000,0.3000,0.0000
  3529,0.0000,0.0000,0.0000,0.3000,0.0000
  3530,0.0000,0.0000,0.0000,0.3000,0.0000
  3531,0.0000,0.0000,0.0000,0.3000,0.0100
  3532,0.0000,0.0000,0.0000,0.3000,0.0000
  3533,0.0000,0.0000,0.0000,0.3000,0.0100
  3534,0.0000,0.0000,0.0000,0.3000,0.0100
  3535,0.0000,0.0000,0.0000,0.3000,0.0100
  3536,0.0000,0.0000,0.0000,0.3000,0.0000
  3537,0.0000,0.0000,0.0000,0.3000,0.0000
  3538,0.0000,0.0000,0.0000,0.3000,0.0100
  3539,514.8860,514.8860,0.0000,0.0000,0.0000
  3540,3204.5535,3204.5535,0.0000,0.0000,0.0000
  3541,681.1253,681.1253,0.0000,0.0000,0.0000
  3542,0.0000,0.0000,0.0000,0.1500,0.0175
  3543,1027.5111,1027.5111,0.0000,0.0000,0.0000
  3544,0.0000,0.0000,0.0000,0.2000,0.0107
  3545,0.0000,0.0000,0.0000,0.2000,0.0106
  3546,2601.5633,2601.5633,0.0000,0.0000,0.0000
  3547,0.0000,0.0000,0.0000,0.2500,0.0100
  3548,4523.1612,4523.1612,0.0000,0.0000,0.0000
  3549,0.0000,0.0000,0.0000,0.2000,0.0261
  3550,0.0000,0.0000,0.0000,0.0000,0.0000
  3551,0.0000,0.0000,0.0000,0.2500,0.0100
  3552,0.0000,0.0000,0.0000,0.2500,0.0100
  3553,0.0000,0.0000,0.0000,0.0000,0.0000
  3554,0.0000,0.0000,0.0000,0.3000,0.0100
  3555,0.0000,0.0000,0.0000,0.3000,0.0100
  3556,0.0000,0.0000,0.0000,0.3000,0.0000
  3557,0.0000,0.0000,0.0000,0.2500,0.0100
  3558,0.0000,0.0000,0.0000,0.2500,0.0000
  3559,0.0000,0.0000,0.0000,0.2500,0.0100
  3560,0.0000,0.0000,0.0000,0.2500,0.0100
  3561,0.0000,0.0000,0.0000,0.2500,0.0100
  3562,0.0000,0.0000,0.0000,0.2500,0.0100
  3563,0.0000,0.0000,0.0000,0.2000,0.0100
  3564,0.0000,0.0000,0.0000,0.2500,0.0100
  3565,0.0000,0.0000,0.0000,0.2000,0.0100
  3566,0.0000,0.0000,0.0000,0.2500,0.0100
  3567,0.0000,0.0000,0.0000,0.2500,0.0103
  3568,17645.2814,17645.2814,0.0000,0.0000,0.0000
  3569,17895.8025,17895.8025,0.0000,0.0000,0.0000
  3570,17812.4015,17812.4015,0.0000,0.0000,0.0000
  3571,0.0000,0.0000,0.0000,0.0000,48.9437
  3572,0.0000,0.0000,0.0000,0.0000,49.8423
  3573,0.0000,0.0000,0.0000,0.0500,0.0000
  3574,0.0000,0.0000,0.0000,0.0000,0.0100
  3575,0.0000,0.0000,0.0000,0.0500,0.0000
  3576,0.0000,0.0000,0.0000,0.0500,0.0000
  3577,0.0000,0.0000,0.0000,0.0000,0.0104
  3578,0.0000,0.0000,0.0000,0.0000,0.0100
  3579,0.0000,0.0000,0.0000,0.0000,0.0100
  3580,0.0000,0.0000,0.0000,0.0000,0.0100
  3581,0.0000,0.0000,0.0000,0.0000,0.0100
  3582,0.0000,0.0000,0.0000,0.0500,0.0000
  3583,0.0000,0.0000,0.0000,0.0500,0.0000
  3584,0.0000,0.0000,0.0000,0.0000,0.0100
  3585,0.0000,0.0000,0.0000,0.0500,0.0000
  3586,0.0000,0.0000,0.0000,0.0500,0.0000
  3587,0.0000,0.0000,0.0000,0.0500,0.0000
  3588,0.0000,0.0000,0.0000,0.0500,0.0000
  3589,0.0000,0.0000,0.0000,0.0500,0.0000
  3590,0.0000,0.0000,0.0000,0.0500,0.0000
  3591,0.0000,0.0000,0.0000,0.0500,0.0000
  3592,0.0000,0.0000,0.0000,0.0500,0.0000
  3593,0.0000,0.0000,0.0000,0.0500,0.0000
  3594,0.0000,0.0000,0.0000,0.0500,0.0000
  3595,0.0000,0.0000,0.0000,0.0500,0.0000
  3596,0.0000,0.0000,0.0000,0.0500,0.0000
  3597,0.0000,0.0000,0.0000,0.0500,0.0000
  3598,0.0000,0.0000,0.0000,0.0500,0.0000
  3599,0.0000,0.0000,0.0000,0.0500,0.0000
  3600,0.0000,0.0000,0.0000,0.0500,0.0000
  3601,0.0000,0.0000,0.0000,0.0500,0.0000
  3602,0.0000,0.0000,0.0000,0.0500,0.0000
  3603,0.0000,0.0000,0.0000,0.0500,0.0000
  3604,0.0000,0.0000,0.0000,0.0000,0.0100
  3605,0.0000,0.0000,0.0000,0.0500,0.0000
  3606,0.0000,0.0000,0.0000,0.0500,0.0000
  3607,0.0000,0.0000,0.0000,0.0000,49.7425
  3608,0.0000,0.0000,0.0000,0.0000,0.0100
  3609,0.0000,0.0000,0.0000,0.0000,0.0100
  3610,0.0000,0.0000,0.0000,0.0000,0.0100
  3611,0.0000,0.0000,0.0000,0.0000,0.0100
  3612,0.0000,0.0000,0.0000,0.0000,0.0100
  3613,0.0000,0.0000,0.0000,0.0000,0.0100
  3614,0.0000,0.0000,0.0000,0.0000,0.0100
  3615,0.0000,0.0000,0.0000,0.0000,0.0100
  3616,0.0000,0.0000,0.0000,0.0000,0.0100
  3617,0.0000,0.0000,0.0000,0.0000,0.0100
  3618,0.0000,0.0000,0.0000,0.0000,0.0100
  3619,0.0000,0.0000,0.0000,0.0000,0.0100
  3620,0.0000,0.0000,0.0000,0.0000,0.0115
  3621,0.0000,0.0000,0.0000,0.0000,0.0000
  3622,0.0000,0.0000,0.0000,0.0000,5.7337
  3623,0.0000,0.0000,0.0000,0.0000,0.0000
  3624,0.0000,0.0000,0.0000,0.0000,49.1351
  3625,0.0000,0.0000,0.0000,0.0000,0.0100
  3626,0.0000,0.0000,0.0000,0.0000,0.0100
  3627,0.0000,0.0000,0.0000,0.0000,0.0100
  3628,0.0000,0.0000,0.0000,0.0500,0.0000
  3629,0.0000,0.0000,0.0000,0.0000,0.0000
  3630,0.0000,0.0000,0.0000,0.0000,0.0000
  3631,0.0000,0.0000,0.0000,0.0000,0.0000
  3632,0.0000,0.0000,0.0000,0.0000,0.0000
  3633,0.0000,0.0000,0.0000,0.0000,0.0000
  3634,0.0000,0.0000,0.0000,0.0500,0.0000
  3635,0.0000,0.0000,0.0000,0.0000,0.0000
  3636,0.0000,0.0000,0.0000,0.0100,0.0000
  3637,0.0000,0.0000,0.0000,0.0000,0.0102
  3638,0.0000,0.0000,0.0000,0.0000,0.0105
  3639,0.0000,0.0000,0.0000,0.0000,0.0120
  3640,0.0000,0.0000,0.0000,0.0100,0.0000
  3641,0.0000,0.0000,0.0000,0.0500,0.0000
  3642,0.0000,0.0000,0.0000,0.0100,0.0000
  3643,0.0000,0.0000,0.0000,0.0100,0.0000
  3644,0.0000,0.0000,0.0000,0.0100,0.0000
  3645,0.0000,0.0000,0.0000,0.0500,0.0000
  3646,0.0000,0.0000,0.0000,0.0000,0.0000
  3647,0.0000,0.0000,0.0000,0.0100,0.0000
  3648,0.0000,0.0000,0.0000,0.0000,0.0000
  3649,0.0000,0.0000,0.0000,0.0100,0.0000
  3650,0.0000,0.0000,0.0000,0.0000,0.0000
  3651,0.0000,0.0000,0.0000,0.0000,0.0000
  3652,0.0000,0.0000,0.0000,0.0000,0.0000
  3653,0.0000,0.0000,0.0000,0.0000,0.0000
  3654,0.0000,0.0000,0.0000,0.0000,0.0000
  3655,0.0000,0.0000,0.0000,0.0100,0.0000
  3656,0.0000,0.0000,0.0000,0.0500,0.0000
  3657,0.0000,0.0000,0.0000,0.0100,0.0000
  3658,0.0000,0.0000,0.0000,0.0000,0.0000
  3659,0.0000,0.0000,0.0000,0.0100,0.0000
  3660,0.0000,0.0000,0.0000,0.0000,0.0000
  3661,0.0000,0.0000,0.0000,0.0100,0.0000
  3662,0.0000,0.0000,0.0000,0.0100,0.0000
  3663,0.0000,0.0000,0.0000,0.0100,0.0000
  3664,0.0000,0.0000,0.0000,0.0000,0.0000
  3665,0.0000,0.0000,0.0000,0.0100,0.0000
  3666,0.0000,0.0000,0.0000,0.0500,0.0000
  3667,358.7847,358.7847,0.0000,0.0000,0.0000
  3668,367.1512,367.1512,0.0000,0.0000,0.0000
  3669,370.6923,370.6923,0.0000,0.0000,0.0000
  3670,367.0866,367.0866,0.0000,0.0000,0.0000
  3671,363.1916,363.1916,0.0000,0.0000,0.0000
  3672,362.1360,362.1360,0.0000,0.0000,0.0000
  3673,0.0000,0.0000,0.0000,0.0000,0.0000
  3674,0.0000,0.0000,0.0000,0.0000,0.0000
  3675,0.0000,0.0000,0.0000,0.0000,0.0000
  3676,0.0000,0.0000,0.0000,0.0000,0.0000
  3677,0.0000,0.0000,0.0000,0.0000,0.0100
  3678,0.0000,0.0000,0.0000,0.0500,0.0000
  3679,357.5031,357.5031,0.0000,0.0000,0.0000
  3680,357.1517,357.1517,0.0000,0.0000,0.0000
  3681,357.1458,357.1458,0.0000,0.0000,0.0000
  3682,357.1750,357.1750,0.0000,0.0000,0.0000
  3683,357.1819,357.1819,0.0000,0.0000,0.0000
  3684,357.1536,357.1536,0.0000,0.0000,0.0000
  3685,0.0000,0.0000,0.0000,0.0500,0.0000
  3686,0.0000,0.0000,0.0000,0.0500,0.0000
  3687,0.0000,0.0000,0.0000,0.0500,0.0000
  3688,357.1430,357.1430,0.0000,0.0000,0.0000
  3689,357.1447,357.1447,0.0000,0.0000,0.0000
  3690,0.0000,0.0000,0.0000,0.0500,0.0000
  3691,0.0000,0.0000,0.0000,0.0500,0.0000
  3692,0.0000,0.0000,0.0000,0.0000,0.0100
  3693,0.0000,0.0000,0.0000,0.0000,0.0100
  3694,0.0000,0.0000,0.0000,0.0000,0.0100
  3695,0.0000,0.0000,0.0000,0.3000,0.0100
  3696,0.0000,0.0000,0.0000,0.3000,0.0100
  3697,0.0000,0.0000,0.0000,0.3500,0.0000
  3698,0.0000,0.0000,0.0000,0.3000,0.0000
  3699,0.0000,0.0000,0.0000,0.3000,0.0000
  3700,0.0000,0.0000,0.0000,0.3000,0.0000
  3701,0.0000,0.0000,0.0000,0.3500,0.0000
  3702,0.0000,0.0000,0.0000,0.3500,0.0000
  3703,0.0000,0.0000,0.0000,0.3000,0.0100
  3704,0.0000,0.0000,0.0000,0.3500,0.0000
  3705,0.0000,0.0000,0.0000,0.3500,0.0000
  3706,0.0000,0.0000,0.0000,0.3500,0.0000
  3707,0.0000,0.0000,0.0000,0.3500,0.0000
  3708,0.0000,0.0000,0.0000,0.3000,0.0100
  3709,0.0000,0.0000,0.0000,0.3000,0.0100
  3710,0.0000,0.0000,0.0000,0.3000,0.0100
  3711,0.0000,0.0000,0.0000,0.3500,0.0000
  3712,0.0000,0.0000,0.0000,0.3000,0.0100
  3713,0.0000,0.0000,0.0000,0.2000,0.0133
  3714,459.1963,459.1963,0.0000,0.0000,0.0000
  3715,547.7698,547.7698,0.0000,0.0000,0.0000
  3716,389.7148,389.7148,0.0000,0.0000,0.0000
  3717,386.9904,386.9904,0.0000,0.0000,0.0000
  3718,0.0000,0.0000,0.0000,0.2500,0.0125
  3719,0.0000,0.0000,0.0000,0.2000,0.0104
  3720,0.0000,0.0000,0.0000,0.0000,0.0000
  3721,0.0000,0.0000,0.0000,0.2500,0.0101
  3722,0.0000,0.0000,0.0000,0.2500,0.0535
  3723,0.0000,0.0000,0.0000,0.2000,0.1009
  3724,0.0000,0.0000,0.0000,0.2000,0.0110
  3725,0.0000,0.0000,0.0000,0.0000,0.0000
  3726,0.0000,0.0000,0.0000,0.3000,0.0100
  3727,0.0000,0.0000,0.0000,0.2500,0.0100
  3728,0.0000,0.0000,0.0000,0.3000,0.0100
  3729,0.0000,0.0000,0.0000,0.3000,0.0100
  3730,0.0000,0.0000,0.0000,0.3000,0.0100
  3731,0.0000,0.0000,0.0000,0.3000,0.0000
  3732,0.0000,0.0000,0.0000,0.3000,0.0100
  3733,0.0000,0.0000,0.0000,0.2500,0.0100
  3734,367.3526,367.3526,0.0000,0.0000,0.0000
  3735,378.1261,378.1261,0.0000,0.0000,0.0000
  3736,0.0000,0.0000,0.0000,0.1500,0.0107
  3737,0.0000,0.0000,0.0000,0.2000,0.0100
  3738,17285.7367,17285.7367,0.0000,0.0000,0.0000
  3739,0.0000,0.0000,0.0000,0.1500,0.0100
  3740,0.0000,0.0000,0.0000,0.2500,0.0100
  3741,0.0000,0.0000,0.0000,0.2500,0.0100
  3742,17832.4002,17832.4002,0.0000,0.0000,0.0000
  3743,0.0000,0.0000,0.0000,0.0500,0.0000
  3744,0.0000,0.0000,0.0000,0.0000,0.0100
  3745,0.0000,0.0000,0.0000,0.0500,0.0000
  3746,0.0000,0.0000,0.0000,0.0000,0.0100
  3747,0.0000,0.0000,0.0000,0.0000,0.0100
  3748,0.0000,0.0000,0.0000,0.0000,0.0100
  3749,0.0000,0.0000,0.0000,0.0000,0.0100
  3750,0.0000,0.0000,0.0000,0.0000,0.0100
  3751,0.0000,0.0000,0.0000,0.0500,0.0000
  3752,0.0000,0.0000,0.0000,0.0500,0.0000
  3753,0.0000,0.0000,0.0000,0.0500,0.0000
  3754,0.0000,0.0000,0.0000,0.0500,0.0000
  3755,0.0000,0.0000,0.0000,0.0500,0.0000
  3756,0.0000,0.0000,0.0000,0.0500,0.0000
  3757,0.0000,0.0000,0.0000,0.0500,0.0000
  3758,0.0000,0.0000,0.0000,0.0500,0.0000
  3759,0.0000,0.0000,0.0000,0.0500,0.0000
  3760,0.0000,0.0000,0.0000,0.0500,0.0000
  3761,0.0000,0.0000,0.0000,0.0500,0.0000
  3762,0.0000,0.0000,0.0000,0.0500,0.0000
  3763,0.0000,0.0000,0.0000,0.0500,0.0000
  3764,0.0000,0.0000,0.0000,0.0500,0.0000
  3765,0.0000,0.0000,0.0000,0.0500,0.0000
  3766,0.0000,0.0000,0.0000,0.0500,0.0000
  3767,0.0000,0.0000,0.0000,0.0500,0.0000
  3768,0.0000,0.0000,0.0000,0.0500,0.0000
  3769,0.0000,0.0000,0.0000,0.0500,0.0000
  3770,0.0000,0.0000,0.0000,0.0500,0.0000
  3771,0.0000,0.0000,0.0000,0.0500,0.0000
  3772,0.0000,0.0000,0.0000,0.0000,0.0100
  3773,0.0000,0.0000,0.0000,0.0000,0.0000
  3774,0.0000,0.0000,0.0000,0.0500,0.0000
  3775,0.0000,0.0000,0.0000,0.0500,0.0000
  3776,0.0000,0.0000,0.0000,0.0500,0.0000
  3777,0.0000,0.0000,0.0000,0.0000,0.0100
  3778,0.0000,0.0000,0.0000,0.0000,0.0100
  3779,0.0000,0.0000,0.0000,0.0000,0.0100
  3780,0.0000,0.0000,0.0000,0.0000,0.0100
  3781,0.0000,0.0000,0.0000,0.0000,0.0100
  3782,0.0000,0.0000,0.0000,0.0000,0.0100
  3783,0.0000,0.0000,0.0000,0.0000,0.0100
  3784,0.0000,0.0000,0.0000,0.0000,0.0100
  3785,0.0000,0.0000,0.0000,0.0000,0.0000
  3786,0.0000,0.0000,0.0000,0.0000,0.0100
  3787,0.0000,0.0000,0.0000,0.0000,0.0100
  3788,0.0000,0.0000,0.0000,0.0000,0.0100
  3789,0.0000,0.0000,0.0000,0.0000,0.0100
  3790,0.0000,0.0000,0.0000,0.0000,0.0118
  3791,0.0000,0.0000,0.0000,0.0000,0.0100
  3792,0.0000,0.0000,0.0000,0.0000,3.7923
  3793,0.0000,0.0000,0.0000,0.0000,0.0100
  3794,0.0000,0.0000,0.0000,0.0000,46.4567
  3795,0.0000,0.0000,0.0000,0.0500,0.0000
  3796,0.0000,0.0000,0.0000,0.0000,45.9513
  3797,0.0000,0.0000,0.0000,0.0500,0.0000
  3798,0.0000,0.0000,0.0000,0.0500,0.0000
  3799,0.0000,0.0000,0.0000,0.0500,0.0000
  3800,0.0000,0.0000,0.0000,0.0500,0.0000
  3801,0.0000,0.0000,0.0000,0.0000,0.0000
  3802,0.0000,0.0000,0.0000,0.0000,0.0000
  3803,0.0000,0.0000,0.0000,0.0000,0.0000
  3804,0.0000,0.0000,0.0000,0.0100,0.0000
  3805,0.0000,0.0000,0.0000,0.0000,0.0000
  3806,0.0000,0.0000,0.0000,0.0500,0.0000
  3807,0.0000,0.0000,0.0000,0.0100,0.0000
  3808,0.0000,0.0000,0.0000,0.0000,0.0131
  3809,0.0000,0.0000,0.0000,0.0000,0.0199
  3810,0.0000,0.0000,0.0000,0.0100,0.0000
  3811,0.0000,0.0000,0.0000,0.0000,0.0104
  3812,0.0000,0.0000,0.0000,0.0100,0.0000
  3813,0.0000,0.0000,0.0000,0.0100,0.0000
  3814,0.0000,0.0000,0.0000,0.0500,0.0000
  3815,0.0000,0.0000,0.0000,0.0500,0.0000
  3816,0.0000,0.0000,0.0000,0.0100,0.0000
  3817,0.0000,0.0000,0.0000,0.0000,0.0000
  3818,0.0000,0.0000,0.0000,0.0000,0.0000
  3819,0.0000,0.0000,0.0000,0.0000,0.0000
  3820,0.0000,0.0000,0.0000,0.0000,0.0000
  3821,0.0000,0.0000,0.0000,0.0000,0.0000
  3822,0.0000,0.0000,0.0000,0.0000,0.0000
  3823,0.0000,0.0000,0.0000,0.0000,0.0000
  3824,0.0000,0.0000,0.0000,0.0000,0.0000
  3825,0.0000,0.0000,0.0000,0.0000,0.0000
  3826,0.0000,0.0000,0.0000,0.0000,0.0000
  3827,0.0000,0.0000,0.0000,0.0000,0.0000
  3828,0.0000,0.0000,0.0000,0.0500,0.0000
  3829,0.0000,0.0000,0.0000,0.0500,0.0000
  3830,0.0000,0.0000,0.0000,0.0100,0.0000
  3831,0.0000,0.0000,0.0000,0.0500,0.0000
  3832,0.0000,0.0000,0.0000,0.0100,0.0000
  3833,0.0000,0.0000,0.0000,0.0500,0.0000
  3834,0.0000,0.0000,0.0000,0.0100,0.0000
  3835,0.0000,0.0000,0.0000,0.0100,0.0000
  3836,0.0000,0.0000,0.0000,0.0500,0.0000
  3837,0.0000,0.0000,0.0000,0.0100,0.0000
  3838,0.0000,0.0000,0.0000,0.0100,0.0000
  3839,0.0000,0.0000,0.0000,0.0500,0.0000
  3840,359.0200,359.0200,0.0000,0.0000,0.0000
  3841,358.3230,358.3230,0.0000,0.0000,0.0000
  3842,357.7831,357.7831,0.0000,0.0000,0.0000
  3843,0.0000,0.0000,0.0000,0.0000,0.0100
  3844,0.0000,0.0000,0.0000,0.0000,0.0000
  3845,0.0000,0.0000,0.0000,0.0000,0.0000
  3846,0.0000,0.0000,0.0000,0.0500,0.0000
  3847,0.0000,0.0000,0.0000,0.0500,0.0000
  3848,357.1588,357.1588,0.0000,0.0000,0.0000
  3849,357.2074,357.2074,0.0000,0.0000,0.0000
  3850,357.1961,357.1961,0.0000,0.0000,0.0000
  3851,357.1532,357.1532,0.0000,0.0000,0.0000
  3852,0.0000,0.0000,0.0000,0.0500,0.0000
  3853,0.0000,0.0000,0.0000,0.0500,0.0000
  3854,0.0000,0.0000,0.0000,0.0500,0.0000
  3855,0.0000,0.0000,0.0000,0.0000,0.0100
  3856,357.1435,357.1435,0.0000,0.0000,0.0000
  3857,357.1558,357.1558,0.0000,0.0000,0.0000
  3858,0.0000,0.0000,0.0000,0.0500,0.0000
  3859,357.1432,357.1432,0.0000,0.0000,0.0000
  3860,0.0000,0.0000,0.0000,0.0000,0.0100
  3861,0.0000,0.0000,0.0000,0.0500,0.0000
  3862,0.0000,0.0000,0.0000,0.0500,0.0000
  3863,0.0000,0.0000,0.0000,0.3500,0.0000
  3864,0.0000,0.0000,0.0000,0.3000,0.0000
  3865,0.0000,0.0000,0.0000,0.2500,0.0000
  3866,0.0000,0.0000,0.0000,0.3500,0.0000
  3867,0.0000,0.0000,0.0000,0.3500,0.0000
  3868,0.0000,0.0000,0.0000,0.3500,0.0000
  3869,0.0000,0.0000,0.0000,0.3500,0.0000
  3870,0.0000,0.0000,0.0000,0.3500,0.0100
  3871,0.0000,0.0000,0.0000,0.3000,0.0100
  3872,0.0000,0.0000,0.0000,0.3000,0.0100
  3873,0.0000,0.0000,0.0000,0.3000,0.0100
  3874,0.0000,0.0000,0.0000,0.3500,0.0000
  3875,0.0000,0.0000,0.0000,0.3500,0.0000
  3876,0.0000,0.0000,0.0000,0.3000,0.0100
  3877,0.0000,0.0000,0.0000,0.3000,0.0100
  3878,0.0000,0.0000,0.0000,0.2000,0.0103
  3879,0.0000,0.0000,0.0000,0.2000,0.0102
  3880,0.0000,0.0000,0.0000,0.2000,0.0103
  3881,0.0000,0.0000,0.0000,0.2000,0.0109
  3882,0.0000,0.0000,0.0000,0.2000,0.0104
  3883,0.0000,0.0000,0.0000,0.2000,0.0103
  3884,0.0000,0.0000,0.0000,0.2500,0.0102
  3885,0.0000,0.0000,0.0000,0.0000,0.0000
  3886,0.0000,0.0000,0.0000,0.0000,0.0000
  3887,0.0000,0.0000,0.0000,0.2500,0.0100
  3888,0.0000,0.0000,0.0000,0.2500,0.0167
  3889,0.0000,0.0000,0.0000,0.2500,0.0134
  3890,0.0000,0.0000,0.0000,0.2500,0.0130
  3891,0.0000,0.0000,0.0000,0.3000,0.0100
  3892,0.0000,0.0000,0.0000,0.2500,0.0100
  3893,0.0000,0.0000,0.0000,0.3000,0.0100
  3894,0.0000,0.0000,0.0000,0.3000,0.0100
  3895,0.0000,0.0000,0.0000,0.3000,0.0100
  3896,0.0000,0.0000,0.0000,0.2500,0.0100
  3897,0.0000,0.0000,0.0000,0.2000,0.0100
  3898,0.0000,0.0000,0.0000,0.2500,0.0100
  3899,16441.4210,16441.4210,0.0000,0.0000,0.0000
  3900,0.0000,0.0000,0.0000,0.1500,0.0102
  3901,17890.8222,17890.8222,0.0000,0.0000,0.0000
  3902,17842.7900,17842.7900,0.0000,0.0000,0.0000
  3903,0.0000,0.0000,0.0000,0.1500,0.0100
  3904,0.0000,0.0000,0.0000,0.0000,0.0100
  3905,0.0000,0.0000,0.0000,0.0500,0.0000
  3906,0.0000,0.0000,0.0000,0.0100,0.0000
  3907,0.0000,0.0000,0.0000,0.0000,0.0100
  3908,0.0000,0.0000,0.0000,0.0000,0.0100
  3909,0.0000,0.0000,0.0000,0.0000,0.0100
  3910,0.0000,0.0000,0.0000,0.0000,0.0100
  3911,0.0000,0.0000,0.0000,0.0000,0.0100
  3912,0.0000,0.0000,0.0000,0.0000,0.0100
  3913,0.0000,0.0000,0.0000,0.0500,0.0000
  3914,0.0000,0.0000,0.0000,0.0500,0.0000
  3915,0.0000,0.0000,0.0000,0.0500,0.0000
  3916,0.0000,0.0000,0.0000,0.0500,0.0000
  3917,0.0000,0.0000,0.0000,0.0500,0.0000
  3918,0.0000,0.0000,0.0000,0.0500,0.0000
  3919,0.0000,0.0000,0.0000,0.0500,0.0000
  3920,0.0000,0.0000,0.0000,0.0500,0.0000
  3921,0.0000,0.0000,0.0000,0.0500,0.0000
  3922,0.0000,0.0000,0.0000,0.0500,0.0000
  3923,0.0000,0.0000,0.0000,0.0500,0.0000
  3924,0.0000,0.0000,0.0000,0.0500,0.0000
  3925,0.0000,0.0000,0.0000,0.0500,0.0000
  3926,0.0000,0.0000,0.0000,0.0500,0.0000
  3927,0.0000,0.0000,0.0000,0.0500,0.0000
  3928,0.0000,0.0000,0.0000,0.0500,0.0000
  3929,0.0000,0.0000,0.0000,0.0500,0.0000
  3930,0.0000,0.0000,0.0000,0.0500,0.0000
  3931,0.0000,0.0000,0.0000,0.0500,0.0000
  3932,0.0000,0.0000,0.0000,0.0500,0.0000
  3933,0.0000,0.0000,0.0000,0.0500,0.0000
  3934,0.0000,0.0000,0.0000,0.0000,0.0000
  3935,0.0000,0.0000,0.0000,0.0000,0.0000
  3936,0.0000,0.0000,0.0000,0.0000,0.0000
  3937,0.0000,0.0000,0.0000,0.0500,0.0000
  3938,0.0000,0.0000,0.0000,0.0500,0.0000
  3939,0.0000,0.0000,0.0000,0.0000,0.0100
  3940,0.0000,0.0000,0.0000,0.0000,0.0100
  3941,0.0000,0.0000,0.0000,0.0000,0.0100
  3942,0.0000,0.0000,0.0000,0.0000,0.0100
  3943,0.0000,0.0000,0.0000,0.0000,0.0100
  3944,0.0000,0.0000,0.0000,0.0000,0.0100
  3945,0.0000,0.0000,0.0000,0.0000,0.0000
  3946,0.0000,0.0000,0.0000,0.0000,0.0000
  3947,0.0000,0.0000,0.0000,0.0000,0.0000
  3948,0.0000,0.0000,0.0000,0.0000,0.0100
  3949,0.0000,0.0000,0.0000,0.0000,0.0100
  3950,0.0000,0.0000,0.0000,0.0000,0.0100
  3951,0.0000,0.0000,0.0000,0.0000,0.0100
  3952,0.0000,0.0000,0.0000,0.0000,0.0100
  3953,0.0000,0.0000,0.0000,0.0000,0.0106
  3954,0.0000,0.0000,0.0000,0.0000,0.0100
  3955,0.0000,0.0000,0.0000,0.0000,0.2045
  3956,0.0000,0.0000,0.0000,0.0000,0.0000
  3957,0.0000,0.0000,0.0000,0.0000,0.0100
  3958,0.0000,0.0000,0.0000,0.0000,0.0905
  3959,0.0000,0.0000,0.0000,0.0500,0.0000
  3960,0.0000,0.0000,0.0000,0.0500,0.0000
  3961,0.0000,0.0000,0.0000,0.0500,0.0000
  3962,0.0000,0.0000,0.0000,0.0000,46.3604
  3963,0.0000,0.0000,0.0000,0.0000,0.0102
  3964,0.0000,0.0000,0.0000,0.0000,0.0181
  3965,0.0000,0.0000,0.0000,0.0500,0.0000
  3966,0.0000,0.0000,0.0000,0.0500,0.0000
  3967,0.0000,0.0000,0.0000,0.0500,0.0000
  3968,0.0000,0.0000,0.0000,0.0100,0.0000
  3969,0.0000,0.0000,0.0000,0.0000,0.0000
  3970,0.0000,0.0000,0.0000,0.0000,0.0000
  3971,0.0000,0.0000,0.0000,0.0000,0.0000
  3972,0.0000,0.0000,0.0000,0.0000,0.0000
  3973,0.0000,0.0000,0.0000,0.0000,0.0100
  3974,0.0000,0.0000,0.0000,0.0000,0.0000
  3975,0.0000,0.0000,0.0000,0.0500,0.0000
  3976,0.0000,0.0000,0.0000,0.0100,0.0000
  3977,0.0000,0.0000,0.0000,0.0000,0.0174
  3978,0.0000,0.0000,0.0000,0.0100,0.0000
  3979,0.0000,0.0000,0.0000,0.0100,0.0000
  3980,0.0000,0.0000,0.0000,0.0000,0.0106
  3981,0.0000,0.0000,0.0000,0.0100,0.0000
  3982,0.0000,0.0000,0.0000,0.0100,0.0000
  3983,0.0000,0.0000,0.0000,0.0500,0.0000
  3984,0.0000,0.0000,0.0000,0.0500,0.0000
  3985,0.0000,0.0000,0.0000,0.0500,0.0000
  3986,0.0000,0.0000,0.0000,0.0500,0.0000
  3987,0.0000,0.0000,0.0000,0.0000,0.0000
  3988,0.0000,0.0000,0.0000,0.0000,0.0000
  3989,0.0000,0.0000,0.0000,0.0000,0.0000
  3990,0.0000,0.0000,0.0000,0.0000,0.0000
  3991,0.0000,0.0000,0.0000,0.0500,0.0000
  3992,0.0000,0.0000,0.0000,0.0000,0.0000
  3993,0.0000,0.0000,0.0000,0.0000,0.0000
  3994,0.0000,0.0000,0.0000,0.0000,0.0000
  3995,0.0000,0.0000,0.0000,0.0000,0.0000
  3996,0.0000,0.0000,0.0000,0.0500,0.0000
  3997,0.0000,0.0000,0.0000,0.0500,0.0000
  3998,0.0000,0.0000,0.0000,0.0100,0.0000
  3999,0.0000,0.0000,0.0000,0.0500,0.0000
  4000,0.0000,0.0000,0.0000,0.0100,0.0000
  4001,0.0000,0.0000,0.0000,0.0100,0.0000
  4002,0.0000,0.0000,0.0000,0.0100,0.0000
  4003,0.0000,0.0000,0.0000,0.0100,0.0000
  4004,0.0000,0.0000,0.0000,0.0100,0.0000
  4005,0.0000,0.0000,0.0000,0.0500,0.0000
  4006,0.0000,0.0000,0.0000,0.0100,0.0000
  4007,0.0000,0.0000,0.0000,0.0100,0.0000
  4008,0.0000,0.0000,0.0000,0.0500,0.0000
  4009,0.0000,0.0000,0.0000,0.0500,0.0000
  4010,0.0000,0.0000,0.0000,0.0500,0.0000
  4011,0.0000,0.0000,0.0000,0.0000,0.0100
  4012,0.0000,0.0000,0.0000,0.0000,0.0100
  4013,0.0000,0.0000,0.0000,0.0000,0.0100
  4014,0.0000,0.0000,0.0000,0.0500,0.0000
  4015,0.0000,0.0000,0.0000,0.0000,0.0000
  4016,0.0000,0.0000,0.0000,0.0000,0.0000
  4017,357.1918,357.1918,0.0000,0.0000,0.0000
  4018,357.1654,357.1654,0.0000,0.0000,0.0000
  4019,357.1464,357.1464,0.0000,0.0000,0.0000
  4020,357.1437,357.1437,0.0000,0.0000,0.0000
  4021,0.0000,0.0000,0.0000,0.0500,0.0000
  4022,0.0000,0.0000,0.0000,0.0000,0.0100
  4023,0.0000,0.0000,0.0000,0.0000,0.0100
  4024,0.0000,0.0000,0.0000,0.0000,0.0100
  4025,0.0000,0.0000,0.0000,0.0500,0.0000
  4026,357.1461,357.1461,0.0000,0.0000,0.0000
  4027,357.1495,357.1495,0.0000,0.0000,0.0000
  4028,0.0000,0.0000,0.0000,0.0500,0.0000
  4029,357.1440,357.1440,0.0000,0.0000,0.0000
  4030,0.0000,0.0000,0.0000,0.0500,0.0000
  4031,0.0000,0.0000,0.0000,0.0500,0.0000
  4032,0.0000,0.0000,0.0000,0.0500,0.0000
  4033,0.0000,0.0000,0.0000,0.0500,0.0000
  4034,0.0000,0.0000,0.0000,0.3500,0.0000
  4035,0.0000,0.0000,0.0000,0.3000,0.0000
  4036,0.0000,0.0000,0.0000,0.3000,0.0100
  4037,0.0000,0.0000,0.0000,0.3500,0.0000
  4038,0.0000,0.0000,0.0000,0.3500,0.0100
  4039,0.0000,0.0000,0.0000,0.3500,0.0100
  4040,0.0000,0.0000,0.0000,0.3500,0.0000
  4041,0.0000,0.0000,0.0000,0.3500,0.0100
  4042,0.0000,0.0000,0.0000,0.3500,0.0100
  4043,0.0000,0.0000,0.0000,0.3000,0.0100
  4044,0.0000,0.0000,0.0000,0.3500,0.0100
  4045,0.0000,0.0000,0.0000,0.3500,0.0100
  4046,0.0000,0.0000,0.0000,0.3000,0.0100
  4047,0.0000,0.0000,0.0000,0.3500,0.0100
  4048,0.0000,0.0000,0.0000,0.3000,0.0100
  4049,0.0000,0.0000,0.0000,0.2000,0.0101
  4050,0.0000,0.0000,0.0000,0.2500,0.0101
  4051,0.0000,0.0000,0.0000,0.2500,0.0102
  4052,0.0000,0.0000,0.0000,0.2000,0.0114
  4053,0.0000,0.0000,0.0000,0.0000,0.0000
  4054,0.0000,0.0000,0.0000,0.2000,0.0109
  4055,0.0000,0.0000,0.0000,0.2000,0.0105
  4056,0.0000,0.0000,0.0000,0.2500,0.0154
  4057,0.0000,0.0000,0.0000,0.0000,0.0000
  4058,0.0000,0.0000,0.0000,0.3000,0.0100
  4059,0.0000,0.0000,0.0000,0.2500,0.0104
  4060,0.0000,0.0000,0.0000,0.2000,0.0116
  4061,0.0000,0.0000,0.0000,0.2500,0.0972
  4062,0.0000,0.0000,0.0000,0.3000,0.0100
  4063,0.0000,0.0000,0.0000,0.3000,0.0100
  4064,0.0000,0.0000,0.0000,0.3000,0.0100
  4065,0.0000,0.0000,0.0000,0.3500,0.0100
  4066,0.0000,0.0000,0.0000,0.1500,0.0107
  4067,7180.0477,7180.0477,0.0000,0.0000,0.0000
  4068,0.0000,0.0000,0.0000,0.3000,0.0136
  4069,17635.8586,17635.8586,0.0000,0.0000,0.0000
  4070,17898.2588,17898.2588,0.0000,0.0000,0.0000
  4071,0.0000,0.0000,0.0000,0.0000,0.0100
  4072,0.0000,0.0000,0.0000,0.0000,0.0100
  4073,0.0000,0.0000,0.0000,0.0100,0.0000
  4074,0.0000,0.0000,0.0000,0.0100,0.0000
  4075,0.0000,0.0000,0.0000,0.0000,0.0100
  4076,0.0000,0.0000,0.0000,0.0000,0.0100
  4077,0.0000,0.0000,0.0000,0.0000,0.0100
  4078,0.0000,0.0000,0.0000,0.0000,0.0100
  4079,0.0000,0.0000,0.0000,0.0000,0.0000
  4080,0.0000,0.0000,0.0000,0.0000,0.0000
  4081,0.0000,0.0000,0.0000,0.0500,0.0000
  4082,0.0000,0.0000,0.0000,0.0500,0.0000
  4083,0.0000,0.0000,0.0000,0.0500,0.0000
  4084,0.0000,0.0000,0.0000,0.0500,0.0000
  4085,0.0000,0.0000,0.0000,0.0500,0.0000
  4086,0.0000,0.0000,0.0000,0.0500,0.0000
  4087,0.0000,0.0000,0.0000,0.0500,0.0000
  4088,0.0000,0.0000,0.0000,0.0500,0.0000
  4089,0.0000,0.0000,0.0000,0.0500,0.0000
  4090,0.0000,0.0000,0.0000,0.0500,0.0000
  4091,0.0000,0.0000,0.0000,0.0500,0.0000
  4092,0.0000,0.0000,0.0000,0.0500,0.0000
  4093,0.0000,0.0000,0.0000,0.0500,0.0000
  4094,0.0000,0.0000,0.0000,0.0500,0.0000
  4095,0.0000,0.0000,0.0000,0.0500,0.0000
  4096,0.0000,0.0000,0.0000,0.0500,0.0000
  4097,0.0000,0.0000,0.0000,0.0500,0.0000
  4098,0.0000,0.0000,0.0000,0.0500,0.0000
  4099,0.0000,0.0000,0.0000,0.0500,0.0000
  4100,0.0000,0.0000,0.0000,0.0000,0.0000
  4101,0.0000,0.0000,0.0000,0.0500,0.0000
  4102,0.0000,0.0000,0.0000,0.0000,0.0000
  4103,0.0000,0.0000,0.0000,0.0500,0.0000
  4104,0.0000,0.0000,0.0000,0.0000,0.0100
  4105,0.0000,0.0000,0.0000,0.0000,0.0000
  4106,0.0000,0.0000,0.0000,0.0000,0.0100
  4107,0.0000,0.0000,0.0000,0.0000,0.0100
  4108,0.0000,0.0000,0.0000,0.0000,0.0100
  4109,0.0000,0.0000,0.0000,0.0500,0.0000
  4110,0.0000,0.0000,0.0000,0.0500,0.0000
  4111,0.0000,0.0000,0.0000,0.0000,0.0000
  4112,0.0000,0.0000,0.0000,0.0000,0.0100
  4113,0.0000,0.0000,0.0000,0.0000,0.0000
  4114,0.0000,0.0000,0.0000,0.0500,0.0000
  4115,0.0000,0.0000,0.0000,0.0000,0.0100
  4116,0.0000,0.0000,0.0000,0.0000,0.0100
  4117,0.0000,0.0000,0.0000,0.0000,0.0100
  4118,0.0000,0.0000,0.0000,0.0000,0.0100
  4119,0.0000,0.0000,0.0000,0.0000,0.0100
  4120,0.0000,0.0000,0.0000,0.0000,0.0100
  4121,0.0000,0.0000,0.0000,0.0000,0.0100
  4122,0.0000,0.0000,0.0000,0.0000,0.0100
  4123,0.0000,0.0000,0.0000,0.0000,0.0100
  4124,0.0000,0.0000,0.0000,0.0500,0.0000
  4125,0.0000,0.0000,0.0000,0.0500,0.0000
  4126,0.0000,0.0000,0.0000,0.0500,0.0000
  4127,0.0000,0.0000,0.0000,0.0500,0.0000
  4128,0.0000,0.0000,0.0000,0.0500,0.0000
  4129,0.0000,0.0000,0.0000,0.0000,49.5924
  4130,0.0000,0.0000,0.0000,0.0000,0.2575
  4131,0.0000,0.0000,0.0000,0.0000,0.0100
  4132,0.0000,0.0000,0.0000,0.0000,0.0100
  4133,0.0000,0.0000,0.0000,0.0000,0.0100
  4134,0.0000,0.0000,0.0000,0.0000,0.0100
  4135,0.0000,0.0000,0.0000,0.0500,0.0000
  4136,0.0000,0.0000,0.0000,0.0500,0.0000
  4137,0.0000,0.0000,0.0000,0.0000,0.0000
  4138,0.0000,0.0000,0.0000,0.0000,0.0000
  4139,0.0000,0.0000,0.0000,0.0000,0.0000
  4140,0.0000,0.0000,0.0000,0.0000,0.0000
  4141,0.0000,0.0000,0.0000,0.0100,0.0000
  4142,0.0000,0.0000,0.0000,0.0500,0.0000
  4143,0.0000,0.0000,0.0000,0.0500,0.0000
  4144,0.0000,0.0000,0.0000,0.0500,0.0000
  4145,0.0000,0.0000,0.0000,0.0000,0.0179
  4146,0.0000,0.0000,0.0000,0.0000,0.0433
  4147,0.0000,0.0000,0.0000,0.0100,0.0000
  4148,0.0000,0.0000,0.0000,0.0100,0.0000
  4149,0.0000,0.0000,0.0000,0.0100,0.0000
  4150,0.0000,0.0000,0.0000,0.0500,0.0000
  4151,0.0000,0.0000,0.0000,0.0500,0.0000
  4152,0.0000,0.0000,0.0000,0.0500,0.0000
  4153,0.0000,0.0000,0.0000,0.0500,0.0000
  4154,0.0000,0.0000,0.0000,0.0500,0.0000
  4155,0.0000,0.0000,0.0000,0.0100,0.0000
  4156,0.0000,0.0000,0.0000,0.0000,0.0000
  4157,0.0000,0.0000,0.0000,0.0500,0.0000
  4158,0.0000,0.0000,0.0000,0.0000,0.0000
  4159,0.0000,0.0000,0.0000,0.0500,0.0000
  4160,0.0000,0.0000,0.0000,0.0000,0.0000
  4161,0.0000,0.0000,0.0000,0.0500,0.0000
  4162,0.0000,0.0000,0.0000,0.0000,0.0000
  4163,0.0000,0.0000,0.0000,0.0500,0.0000
  4164,0.0000,0.0000,0.0000,0.0100,0.0000
  4165,0.0000,0.0000,0.0000,0.0500,0.0000
  4166,0.0000,0.0000,0.0000,0.0500,0.0000
  4167,0.0000,0.0000,0.0000,0.0500,0.0000
  4168,0.0000,0.0000,0.0000,0.0100,0.0000
  4169,0.0000,0.0000,0.0000,0.0100,0.0000
  4170,0.0000,0.0000,0.0000,0.0100,0.0000
  4171,0.0000,0.0000,0.0000,0.0100,0.0000
  4172,0.0000,0.0000,0.0000,0.0100,0.0000
  4173,0.0000,0.0000,0.0000,0.0100,0.0000
  4174,0.0000,0.0000,0.0000,0.0100,0.0000
  4175,0.0000,0.0000,0.0000,0.0500,0.0000
  4176,0.0000,0.0000,0.0000,0.0500,0.0000
  4177,0.0000,0.0000,0.0000,0.0100,0.0000
  4178,0.0000,0.0000,0.0000,0.0500,0.0000
  4179,0.0000,0.0000,0.0000,0.0500,0.0000
  4180,0.0000,0.0000,0.0000,0.0000,0.0100
  4181,0.0000,0.0000,0.0000,0.0000,0.0100
  4182,0.0000,0.0000,0.0000,0.0000,0.0100
  4183,0.0000,0.0000,0.0000,0.0000,0.0100
  4184,0.0000,0.0000,0.0000,0.0000,0.0000
  4185,0.0000,0.0000,0.0000,0.0000,0.0000
  4186,357.1486,357.1486,0.0000,0.0000,0.0000
  4187,357.1479,357.1479,0.0000,0.0000,0.0000
  4188,357.1486,357.1486,0.0000,0.0000,0.0000
  4189,0.0000,0.0000,0.0000,0.0500,0.0000
  4190,0.0000,0.0000,0.0000,0.0000,0.0100
  4191,0.0000,0.0000,0.0000,0.0500,0.0000
  4192,0.0000,0.0000,0.0000,0.0000,0.0100
  4193,357.1447,357.1447,0.0000,0.0000,0.0000
  4194,357.1471,357.1471,0.0000,0.0000,0.0000
  4195,357.1438,357.1438,0.0000,0.0000,0.0000
  4196,357.1452,357.1452,0.0000,0.0000,0.0000
  4197,0.0000,0.0000,0.0000,0.0500,0.0000
  4198,0.0000,0.0000,0.0000,0.0500,0.0000
  4199,0.0000,0.0000,0.0000,0.0000,0.0100
  4200,0.0000,0.0000,0.0000,0.0000,0.0100
  4201,0.0000,0.0000,0.0000,0.0500,0.0000
  4202,0.0000,0.0000,0.0000,0.0000,0.0100
  4203,0.0000,0.0000,0.0000,0.0000,0.0100
  4204,359.1276,359.1276,0.0000,0.0000,0.0000
  4205,0.0000,0.0000,0.0000,0.3500,0.0000
  4206,0.0000,0.0000,0.0000,0.3000,0.0100
  4207,0.0000,0.0000,0.0000,0.3500,0.0100
  4208,0.0000,0.0000,0.0000,0.3500,0.0100
  4209,0.0000,0.0000,0.0000,0.3500,0.0100
  4210,0.0000,0.0000,0.0000,0.3500,0.0100
  4211,0.0000,0.0000,0.0000,0.3500,0.0100
  4212,0.0000,0.0000,0.0000,0.3500,0.0100
  4213,0.0000,0.0000,0.0000,0.3500,0.0100
  4214,0.0000,0.0000,0.0000,0.3500,0.0100
  4215,0.0000,0.0000,0.0000,0.3500,0.0100
  4216,0.0000,0.0000,0.0000,0.3500,0.0100
  4217,0.0000,0.0000,0.0000,0.3500,0.0100
  4218,0.0000,0.0000,0.0000,0.3500,0.0100
  4219,0.0000,0.0000,0.0000,0.3500,0.0100
  4220,0.0000,0.0000,0.0000,0.3000,0.0100
  4221,0.0000,0.0000,0.0000,0.3000,0.0100
  4222,0.0000,0.0000,0.0000,0.2500,0.0102
  4223,0.0000,0.0000,0.0000,0.2500,0.0102
  4224,0.0000,0.0000,0.0000,0.2500,0.0226
  4225,0.0000,0.0000,0.0000,0.0000,0.0000
  4226,0.0000,0.0000,0.0000,0.0000,0.0000
  4227,0.0000,0.0000,0.0000,0.0000,0.0000
  4228,0.0000,0.0000,0.0000,0.2500,2.8879
  4229,0.0000,0.0000,0.0000,0.2500,2.5983
  4230,0.0000,0.0000,0.0000,0.2500,4.2174
  4231,0.0000,0.0000,0.0000,0.3000,0.0100
  4232,0.0000,0.0000,0.0000,0.3000,0.0100
  4233,0.0000,0.0000,0.0000,0.3000,0.0184
  4234,0.0000,0.0000,0.0000,0.2500,5.7218
  4235,0.0000,0.0000,0.0000,0.3000,0.0100
  4236,0.0000,0.0000,0.0000,0.3000,0.0100
  4237,0.0000,0.0000,0.0000,0.3000,0.0100
  4238,0.0000,0.0000,0.0000,0.3000,0.0101
  4239,17899.4576,17899.4576,0.0000,0.0000,0.0000
  4240,17895.9008,17895.9008,0.0000,0.0000,0.0000
  4241,17875.8112,17875.8112,0.0000,0.0000,0.0000
  4242,0.0000,0.0000,0.0000,0.3500,0.0104
  4243,0.0000,0.0000,0.0000,0.0000,0.0000
  4244,0.0000,0.0000,0.0000,0.0000,0.0100
  4245,0.0000,0.0000,0.0000,0.0100,0.0000
  4246,0.0000,0.0000,0.0000,0.0100,0.0000
  4247,0.0000,0.0000,0.0000,0.0000,0.0113
  4248,0.0000,0.0000,0.0000,0.0100,0.0000
  4249,0.0000,0.0000,0.0000,0.0000,0.0113
  4250,0.0000,0.0000,0.0000,0.0000,0.0100
  4251,0.0000,0.0000,0.0000,0.0000,0.0101
  4252,0.0000,0.0000,0.0000,0.0000,0.0100
  4253,0.0000,0.0000,0.0000,0.0000,0.0000
  4254,0.0000,0.0000,0.0000,0.0000,0.0000
  4255,0.0000,0.0000,0.0000,0.0000,0.0000
  4256,0.0000,0.0000,0.0000,0.0500,0.0000
  4257,0.0000,0.0000,0.0000,0.0500,0.0000
  4258,0.0000,0.0000,0.0000,0.0500,0.0000
  4259,0.0000,0.0000,0.0000,0.0500,0.0000
  4260,0.0000,0.0000,0.0000,0.0500,0.0000
  4261,0.0000,0.0000,0.0000,0.0500,0.0000
  4262,0.0000,0.0000,0.0000,0.0500,0.0000
  4263,0.0000,0.0000,0.0000,0.0500,0.0000
  4264,0.0000,0.0000,0.0000,0.0500,0.0000
  4265,0.0000,0.0000,0.0000,0.0500,0.0000
  4266,0.0000,0.0000,0.0000,0.0500,0.0000
  4267,0.0000,0.0000,0.0000,0.0500,0.0000
  4268,0.0000,0.0000,0.0000,0.0500,0.0000
  4269,0.0000,0.0000,0.0000,0.0500,0.0000
  4270,0.0000,0.0000,0.0000,0.0500,0.0000
  4271,0.0000,0.0000,0.0000,0.0500,0.0000
  4272,0.0000,0.0000,0.0000,0.0500,0.0000
  4273,0.0000,0.0000,0.0000,0.0500,0.0000
  4274,0.0000,0.0000,0.0000,0.0500,0.0000
  4275,0.0000,0.0000,0.0000,0.0500,0.0000
  4276,0.0000,0.0000,0.0000,0.0500,0.0000
  4277,0.0000,0.0000,0.0000,0.0500,0.0000
  4278,0.0000,0.0000,0.0000,0.0500,0.0000
  4279,0.0000,0.0000,0.0000,0.0500,0.0000
  4280,0.0000,0.0000,0.0000,0.0500,0.0000
  4281,0.0000,0.0000,0.0000,0.0000,0.0000
  4282,0.0000,0.0000,0.0000,0.0500,0.0000
  4283,0.0000,0.0000,0.0000,0.0000,0.0100
  4284,0.0000,0.0000,0.0000,0.0000,0.0100
  4285,0.0000,0.0000,0.0000,0.0000,0.0100
  4286,0.0000,0.0000,0.0000,0.0500,0.0000
  4287,0.0000,0.0000,0.0000,0.0500,0.0000
  4288,0.0000,0.0000,0.0000,0.0500,0.0000
  4289,0.0000,0.0000,0.0000,0.0500,0.0000
  4290,0.0000,0.0000,0.0000,0.0500,0.0000
  4291,0.0000,0.0000,0.0000,0.0000,0.0000
  4292,0.0000,0.0000,0.0000,0.0000,0.0100
  4293,0.0000,0.0000,0.0000,0.0500,0.0000
  4294,0.0000,0.0000,0.0000,0.0500,0.0000
  4295,0.0000,0.0000,0.0000,0.0000,0.0100
  4296,0.0000,0.0000,0.0000,0.0000,0.0100
  4297,0.0000,0.0000,0.0000,0.0000,0.0100
  4298,0.0000,0.0000,0.0000,0.0000,0.0100
  4299,0.0000,0.0000,0.0000,0.0000,0.0100
  4300,0.0000,0.0000,0.0000,0.0000,0.0000
  4301,0.0000,0.0000,0.0000,0.0000,0.0000
  4302,0.0000,0.0000,0.0000,0.0000,0.0100
  4303,0.0000,0.0000,0.0000,0.0000,0.0100
  4304,0.0000,0.0000,0.0000,0.0000,0.0000
  4305,0.0000,0.0000,0.0000,0.0500,0.0000
  4306,0.0000,0.0000,0.0000,0.0500,0.0000
  4307,0.0000,0.0000,0.0000,0.0500,0.0000
  4308,0.0000,0.0000,0.0000,0.0500,0.0000
  4309,0.0000,0.0000,0.0000,0.0500,0.0000
  4310,0.0000,0.0000,0.0000,0.0000,49.5339
  4311,0.0000,0.0000,0.0000,0.0000,0.6332
  4312,0.0000,0.0000,0.0000,0.0000,0.0000
  4313,0.0000,0.0000,0.0000,0.0000,0.0100
  4314,0.0000,0.0000,0.0000,0.0000,0.0100
  4315,0.0000,0.0000,0.0000,0.0000,0.0100
  4316,0.0000,0.0000,0.0000,0.0000,0.0100
  4317,0.0000,0.0000,0.0000,0.0500,0.0000
  4318,0.0000,0.0000,0.0000,0.0500,0.0000
  4319,0.0000,0.0000,0.0000,0.0000,0.0000
  4320,0.0000,0.0000,0.0000,0.0000,0.0000
  4321,0.0000,0.0000,0.0000,0.0000,0.0000
  4322,0.0000,0.0000,0.0000,0.0000,0.0000
  4323,0.0000,0.0000,0.0000,0.0000,0.0000
  4324,0.0000,0.0000,0.0000,0.0500,0.0000
  4325,0.0000,0.0000,0.0000,0.0500,0.0000
  4326,0.0000,0.0000,0.0000,0.0000,0.0132
  4327,0.0000,0.0000,0.0000,0.0100,0.0000
  4328,0.0000,0.0000,0.0000,0.0100,0.0000
  4329,0.0000,0.0000,0.0000,0.0100,0.0000
  4330,0.0000,0.0000,0.0000,0.0100,0.0000
  4331,0.0000,0.0000,0.0000,0.0100,0.0000
  4332,0.0000,0.0000,0.0000,0.0000,0.0100
  4333,0.0000,0.0000,0.0000,0.0500,0.0000
  4334,0.0000,0.0000,0.0000,0.0500,0.0000
  4335,0.0000,0.0000,0.0000,0.0500,0.0000
  4336,0.0000,0.0000,0.0000,0.0500,0.0000
  4337,0.0000,0.0000,0.0000,0.0500,0.0000
  4338,0.0000,0.0000,0.0000,0.0500,0.0000
  4339,0.0000,0.0000,0.0000,0.0500,0.0000
  4340,0.0000,0.0000,0.0000,0.0500,0.0000
  4341,0.0000,0.0000,0.0000,0.0500,0.0000
  4342,0.0000,0.0000,0.0000,0.0000,0.0000
  4343,0.0000,0.0000,0.0000,0.0500,0.0000
  4344,0.0000,0.0000,0.0000,0.0000,0.0000
  4345,0.0000,0.0000,0.0000,0.0500,0.0000
  4346,0.0000,0.0000,0.0000,0.0000,0.0000
  4347,0.0000,0.0000,0.0000,0.0500,0.0000
  4348,0.0000,0.0000,0.0000,0.0000,0.0000
  4349,0.0000,0.0000,0.0000,0.0000,0.0000
  4350,0.0000,0.0000,0.0000,0.0000,0.0000
  4351,0.0000,0.0000,0.0000,0.0500,0.0000
  4352,0.0000,0.0000,0.0000,0.0000,0.0000
  4353,0.0000,0.0000,0.0000,0.0100,0.0000
  4354,0.0000,0.0000,0.0000,0.0100,0.0000
  4355,0.0000,0.0000,0.0000,0.0100,0.0000
  4356,0.0000,0.0000,0.0000,0.0100,0.0000
  4357,0.0000,0.0000,0.0000,0.0100,0.0000
  4358,0.0000,0.0000,0.0000,0.0100,0.0000
  4359,0.0000,0.0000,0.0000,0.0100,0.0000
  4360,0.0000,0.0000,0.0000,0.0100,0.0000
  4361,0.0000,0.0000,0.0000,0.0500,0.0000
  4362,0.0000,0.0000,0.0000,0.0500,0.0000
  4363,0.0000,0.0000,0.0000,0.0500,0.0000
  4364,0.0000,0.0000,0.0000,0.0100,0.0000
  4365,0.0000,0.0000,0.0000,0.0500,0.0000
  4366,357.1438,357.1438,0.0000,0.0000,0.0000
  4367,0.0000,0.0000,0.0000,0.0000,0.0100
  4368,0.0000,0.0000,0.0000,0.0000,0.0100
  4369,0.0000,0.0000,0.0000,0.0000,0.0000
  4370,0.0000,0.0000,0.0000,0.0000,0.0000
  4371,357.1558,357.1558,0.0000,0.0000,0.0000
  4372,357.1976,357.1976,0.0000,0.0000,0.0000
  4373,357.1653,357.1653,0.0000,0.0000,0.0000
  4374,0.0000,0.0000,0.0000,0.0000,0.0100
  4375,0.0000,0.0000,0.0000,0.0500,0.0000
  4376,357.1503,357.1503,0.0000,0.0000,0.0000
  4377,357.1773,357.1773,0.0000,0.0000,0.0000
  4378,0.0000,0.0000,0.0000,0.0500,0.0000
  4379,0.0000,0.0000,0.0000,0.0500,0.0000
  4380,0.0000,0.0000,0.0000,0.0000,0.0100
  4381,357.5539,357.5539,0.0000,0.0000,0.0000
  4382,365.6031,365.6031,0.0000,0.0000,0.0000
  4383,0.0000,0.0000,0.0000,0.0000,0.0100
  4384,0.0000,0.0000,0.0000,0.0000,0.0100
  4385,0.0000,0.0000,0.0000,0.0000,0.0100
  4386,0.0000,0.0000,0.0000,0.0500,0.0000
  4387,357.1504,357.1504,0.0000,0.0000,0.0000
  4388,359.0844,359.0844,0.0000,0.0000,0.0000
  4389,361.0190,361.0190,0.0000,0.0000,0.0000
  4390,370.1602,370.1602,0.0000,0.0000,0.0000
  4391,0.0000,0.0000,0.0000,0.3500,0.0100
  4392,0.0000,0.0000,0.0000,0.3500,0.0100
  4393,0.0000,0.0000,0.0000,0.3500,0.0100
  4394,0.0000,0.0000,0.0000,0.3500,0.0100
  4395,0.0000,0.0000,0.0000,0.3500,0.0100
  4396,0.0000,0.0000,0.0000,0.3500,0.0100
  4397,0.0000,0.0000,0.0000,0.3500,0.0100
  4398,0.0000,0.0000,0.0000,0.3500,0.0100
  4399,0.0000,0.0000,0.0000,0.3500,0.0100
  4400,0.0000,0.0000,0.0000,0.3500,0.0100
  4401,0.0000,0.0000,0.0000,0.3500,0.0100
  4402,0.0000,0.0000,0.0000,0.3500,0.0100
  4403,0.0000,0.0000,0.0000,0.3500,0.0100
  4404,0.0000,0.0000,0.0000,0.3500,0.0100
  4405,0.0000,0.0000,0.0000,0.3500,0.0100
  4406,0.0000,0.0000,0.0000,0.3500,0.0100
  4407,0.0000,0.0000,0.0000,0.3500,0.0100
  4408,0.0000,0.0000,0.0000,0.3000,0.0100
  4409,0.0000,0.0000,0.0000,0.3000,0.0100
  4410,0.0000,0.0000,0.0000,0.3000,0.0100
  4411,0.0000,0.0000,0.0000,0.2500,2.5424
  4412,0.0000,0.0000,0.0000,0.2500,5.5454
  4413,0.0000,0.0000,0.0000,0.2500,6.1972
  4414,0.0000,0.0000,0.0000,0.2500,6.1924
  4415,0.0000,0.0000,0.0000,0.3500,0.0100
  4416,0.0000,0.0000,0.0000,0.3000,0.0100
  4417,0.0000,0.0000,0.0000,0.2500,0.0211
  4418,0.0000,0.0000,0.0000,0.2500,5.9302
  4419,0.0000,0.0000,0.0000,0.3000,0.0100
  4420,0.0000,0.0000,0.0000,0.3000,0.0100
  4421,0.0000,0.0000,0.0000,0.3000,0.0100
  4422,17498.5669,17498.5669,0.0000,0.0000,0.0000
  4423,0.0000,0.0000,0.0000,0.3500,0.0105
  4424,0.0000,0.0000,0.0000,0.3500,8.6078
  4425,0.0000,0.0000,0.0000,0.3500,0.0100
  4426,0.0000,0.0000,0.0000,0.0000,0.0000
  4427,0.0000,0.0000,0.0000,0.0000,0.0000
  4428,0.0000,0.0000,0.0000,0.0000,47.1262
  4429,0.0000,0.0000,0.0000,0.0000,28.0164
  4430,0.0000,0.0000,0.0000,0.0000,48.4529
  4431,0.0000,0.0000,0.0000,0.0000,38.3776
  4432,0.0000,0.0000,0.0000,0.0000,12.1923
  4433,0.0000,0.0000,0.0000,0.0000,0.0100
  4434,0.0000,0.0000,0.0000,0.0000,0.2733
  4435,0.0000,0.0000,0.0000,0.0000,0.0000
  4436,0.0000,0.0000,0.0000,0.0000,0.0000
  4437,0.0000,0.0000,0.0000,0.0000,0.0000
  4438,0.0000,0.0000,0.0000,0.0500,0.0000
  4439,0.0000,0.0000,0.0000,0.0500,0.0000
  4440,0.0000,0.0000,0.0000,0.0500,0.0000
  4441,0.0000,0.0000,0.0000,0.0500,0.0000
  4442,0.0000,0.0000,0.0000,0.0500,0.0000
  4443,0.0000,0.0000,0.0000,0.0500,0.0000
  4444,0.0000,0.0000,0.0000,0.0500,0.0000
  4445,0.0000,0.0000,0.0000,0.0500,0.0000
  4446,0.0000,0.0000,0.0000,0.0500,0.0000
  4447,0.0000,0.0000,0.0000,0.0500,0.0000
  4448,0.0000,0.0000,0.0000,0.0500,0.0000
  4449,0.0000,0.0000,0.0000,0.0500,0.0000
  4450,0.0000,0.0000,0.0000,0.0500,0.0000
  4451,0.0000,0.0000,0.0000,0.0500,0.0000
  4452,0.0000,0.0000,0.0000,0.0500,0.0000
  4453,0.0000,0.0000,0.0000,0.0500,0.0000
  4454,0.0000,0.0000,0.0000,0.0500,0.0000
  4455,0.0000,0.0000,0.0000,0.0100,0.0000
  4456,0.0000,0.0000,0.0000,0.0500,0.0000
  4457,0.0000,0.0000,0.0000,0.0500,0.0000
  4458,0.0000,0.0000,0.0000,0.0500,0.0000
  4459,0.0000,0.0000,0.0000,0.0500,0.0000
  4460,0.0000,0.0000,0.0000,0.0500,0.0000
  4461,0.0000,0.0000,0.0000,0.0500,0.0000
  4462,0.0000,0.0000,0.0000,0.0500,0.0000
  4463,0.0000,0.0000,0.0000,0.0100,0.0000
  4464,0.0000,0.0000,0.0000,0.0500,0.0000
  4465,0.0000,0.0000,0.0000,0.0500,0.0000
  4466,0.0000,0.0000,0.0000,0.0500,0.0000
  4467,0.0000,0.0000,0.0000,0.0500,0.0000
  4468,0.0000,0.0000,0.0000,0.0500,0.0000
  4469,0.0000,0.0000,0.0000,0.0500,0.0000
  4470,0.0000,0.0000,0.0000,0.0500,0.0000
  4471,0.0000,0.0000,0.0000,0.0500,0.0000
  4472,0.0000,0.0000,0.0000,0.0500,0.0000
  4473,0.0000,0.0000,0.0000,0.0500,0.0000
  4474,0.0000,0.0000,0.0000,0.0500,0.0000
  4475,0.0000,0.0000,0.0000,0.0500,0.0000
  4476,0.0000,0.0000,0.0000,0.0500,0.0000
  4477,0.0000,0.0000,0.0000,0.0500,0.0000
  4478,0.0000,0.0000,0.0000,0.0500,0.0000
  4479,0.0000,0.0000,0.0000,0.0500,0.0000
  4480,0.0000,0.0000,0.0000,0.0500,0.0000
  4481,0.0000,0.0000,0.0000,0.0500,0.0000
  4482,0.0000,0.0000,0.0000,0.0000,0.0100
  4483,0.0000,0.0000,0.0000,0.0000,0.0000
  4484,0.0000,0.0000,0.0000,0.0000,0.0000
  4485,0.0000,0.0000,0.0000,0.0000,0.0100
  4486,0.0000,0.0000,0.0000,0.0000,0.0100
  4487,0.0000,0.0000,0.0000,0.0000,0.0000
  4488,0.0000,0.0000,0.0000,0.0000,0.0000
  4489,0.0000,0.0000,0.0000,0.0500,0.0000
  4490,0.0000,0.0000,0.0000,0.0500,0.0000
  4491,0.0000,0.0000,0.0000,0.0000,0.0000
  4492,0.0000,0.0000,0.0000,0.0500,0.0000
  4493,0.0000,0.0000,0.0000,0.0500,0.0000
  4494,0.0000,0.0000,0.0000,0.0500,0.0000
  4495,0.0000,0.0000,0.0000,0.0500,0.0000
  4496,0.0000,0.0000,0.0000,0.0500,0.0000
  4497,0.0000,0.0000,0.0000,0.0500,0.0000
  4498,0.0000,0.0000,0.0000,0.0000,49.8430
  4499,0.0000,0.0000,0.0000,0.0000,1.9020
  4500,0.0000,0.0000,0.0000,0.0000,0.0000
  4501,0.0000,0.0000,0.0000,0.0000,0.0100
  4502,0.0000,0.0000,0.0000,0.0000,0.0101
  4503,0.0000,0.0000,0.0000,0.0000,0.0100
  4504,0.0000,0.0000,0.0000,0.0000,0.0100
  4505,0.0000,0.0000,0.0000,0.0000,0.0100
  4506,0.0000,0.0000,0.0000,0.0000,0.0100
  4507,0.0000,0.0000,0.0000,0.0500,0.0000
  4508,0.0000,0.0000,0.0000,0.0500,0.0000
  4509,0.0000,0.0000,0.0000,0.0000,0.0000
  4510,0.0000,0.0000,0.0000,0.0000,0.0000
  4511,0.0000,0.0000,0.0000,0.0000,0.0000
  4512,0.0000,0.0000,0.0000,0.0000,0.0000
  4513,0.0000,0.0000,0.0000,0.0100,0.0000
  4514,0.0000,0.0000,0.0000,0.0500,0.0000
  4515,0.0000,0.0000,0.0000,0.0500,0.0000
  4516,0.0000,0.0000,0.0000,0.0500,0.0000
  4517,0.0000,0.0000,0.0000,0.0100,0.0000
  4518,0.0000,0.0000,0.0000,0.0000,36.5662
  4519,0.0000,0.0000,0.0000,0.0000,49.7038
  4520,0.0000,0.0000,0.0000,0.0100,0.0000
  4521,0.0000,0.0000,0.0000,0.0000,49.3776
  4522,0.0000,0.0000,0.0000,0.0000,0.0101
  4523,0.0000,0.0000,0.0000,0.0500,0.0000
  4524,0.0000,0.0000,0.0000,0.0500,0.0000
  4525,0.0000,0.0000,0.0000,0.0500,0.0000
  4526,0.0000,0.0000,0.0000,0.0500,0.0000
  4527,0.0000,0.0000,0.0000,0.0500,0.0000
  4528,0.0000,0.0000,0.0000,0.0500,0.0000
  4529,0.0000,0.0000,0.0000,0.0500,0.0000
  4530,0.0000,0.0000,0.0000,0.0500,0.0000
  4531,0.0000,0.0000,0.0000,0.0500,0.0000
  4532,0.0000,0.0000,0.0000,0.0500,0.0000
  4533,0.0000,0.0000,0.0000,0.0500,0.0000
  4534,0.0000,0.0000,0.0000,0.0500,0.0000
  4535,0.0000,0.0000,0.0000,0.0500,0.0000
  4536,0.0000,0.0000,0.0000,0.0500,0.0000
  4537,0.0000,0.0000,0.0000,0.0000,0.0000
  4538,0.0000,0.0000,0.0000,0.0500,0.0000
  4539,0.0000,0.0000,0.0000,0.0000,0.0000
  4540,0.0000,0.0000,0.0000,0.0500,0.0000
  4541,0.0000,0.0000,0.0000,0.0500,0.0000
  4542,0.0000,0.0000,0.0000,0.0000,0.0000
  4543,0.0000,0.0000,0.0000,0.0500,0.0000
  4544,0.0000,0.0000,0.0000,0.0000,0.0000
  4545,0.0000,0.0000,0.0000,0.0500,0.0000
  4546,0.0000,0.0000,0.0000,0.0100,0.0000
  4547,0.0000,0.0000,0.0000,0.0500,0.0000
  4548,0.0000,0.0000,0.0000,0.0100,0.0000
  4549,0.0000,0.0000,0.0000,0.0100,0.0000
  4550,0.0000,0.0000,0.0000,0.0100,0.0000
  4551,0.0000,0.0000,0.0000,0.0100,0.0000
  4552,0.0000,0.0000,0.0000,0.0100,0.0000
  4553,0.0000,0.0000,0.0000,0.0100,0.0000
  4554,0.0000,0.0000,0.0000,0.0500,0.0000
  4555,0.0000,0.0000,0.0000,0.0500,0.0000
  4556,0.0000,0.0000,0.0000,0.0500,0.0000
  4557,0.0000,0.0000,0.0000,0.0100,0.0000
  4558,0.0000,0.0000,0.0000,0.0500,0.0000
  4559,0.0000,0.0000,0.0000,0.0100,0.0000
  4560,0.0000,0.0000,0.0000,0.0500,0.0000
  4561,0.0000,0.0000,0.0000,0.0500,0.0000
  4562,358.3012,358.3012,0.0000,0.0000,0.0000
  4563,404.2289,404.2289,0.0000,0.0000,0.0000
  4564,0.0000,0.0000,0.0000,0.0000,0.0000
  4565,357.2927,357.2927,0.0000,0.0000,0.0000
  4566,357.2087,357.2087,0.0000,0.0000,0.0000
  4567,0.0000,0.0000,0.0000,0.0500,0.0000
  4568,0.0000,0.0000,0.0000,0.0500,0.0000
  4569,0.0000,0.0000,0.0000,0.0500,0.0000
  4570,0.0000,0.0000,0.0000,0.0500,0.0000
  4571,357.9143,357.9143,0.0000,0.0000,0.0000
  4572,381.6376,381.6376,0.0000,0.0000,0.0000
  4573,534.6085,534.6085,0.0000,0.0000,0.0000
  4574,0.0000,0.0000,0.0000,0.0000,0.0100
  4575,0.0000,0.0000,0.0000,0.0000,0.0100
  4576,0.0000,0.0000,0.0000,0.0000,0.0100
  4577,0.0000,0.0000,0.0000,0.0000,0.0100
  4578,0.0000,0.0000,0.0000,0.0500,0.0000
  4579,359.6352,359.6352,0.0000,0.0000,0.0000
  4580,0.0000,0.0000,0.0000,0.0500,0.0000
  4581,358.8711,358.8711,0.0000,0.0000,0.0000
  4582,376.1999,376.1999,0.0000,0.0000,0.0000
  4583,0.0000,0.0000,0.0000,0.0000,0.0000
  4584,0.0000,0.0000,0.0000,0.3500,0.0100
  4585,0.0000,0.0000,0.0000,0.3500,0.0100
  4586,0.0000,0.0000,0.0000,0.3500,0.0100
  4587,0.0000,0.0000,0.0000,0.4000,0.0100
  4588,0.0000,0.0000,0.0000,0.3500,0.0100
  4589,0.0000,0.0000,0.0000,0.3500,0.0100
  4590,0.0000,0.0000,0.0000,0.3500,0.0100
  4591,0.0000,0.0000,0.0000,0.3500,0.0100
  4592,0.0000,0.0000,0.0000,0.3500,0.0100
  4593,0.0000,0.0000,0.0000,0.3500,0.0100
  4594,0.0000,0.0000,0.0000,0.3500,0.0100
  4595,0.0000,0.0000,0.0000,0.3500,0.0153
  4596,0.0000,0.0000,0.0000,0.3000,0.0100
  4597,0.0000,0.0000,0.0000,0.3000,0.0100
  4598,0.0000,0.0000,0.0000,0.3000,0.0100
  4599,0.0000,0.0000,0.0000,0.3000,0.0100
  4600,0.0000,0.0000,0.0000,0.3000,0.0100
  4601,0.0000,0.0000,0.0000,0.3000,0.0100
  4602,0.0000,0.0000,0.0000,0.3000,0.0100
  4603,0.0000,0.0000,0.0000,0.3000,0.0100
  4604,0.0000,0.0000,0.0000,0.2500,0.0100
  4605,0.0000,0.0000,0.0000,0.3000,0.0100
  4606,0.0000,0.0000,0.0000,0.2500,2.9771
  4607,0.0000,0.0000,0.0000,0.3500,0.0584
  4608,0.0000,0.0000,0.0000,0.3500,0.0102
  4609,0.0000,0.0000,0.0000,0.3500,0.0126
  4610,0.0000,0.0000,0.0000,0.0000,0.0000
  4611,0.0000,0.0000,0.0000,0.0000,0.0000
  4612,0.0000,0.0000,0.0000,0.0000,0.0000
  4613,0.0000,0.0000,0.0000,0.0000,28.1208
  4614,0.0000,0.0000,0.0000,0.0000,0.0100
  4615,0.0000,0.0000,0.0000,0.0100,0.0000
  4616,0.0000,0.0000,0.0000,0.0000,0.0000
  4617,0.0000,0.0000,0.0000,0.0500,0.0000
  4618,0.0000,0.0000,0.0000,0.0500,0.0000
  4619,0.0000,0.0000,0.0000,0.0500,0.0000
  4620,0.0000,0.0000,0.0000,0.0500,0.0000
  4621,0.0000,0.0000,0.0000,0.0500,0.0000
  4622,0.0000,0.0000,0.0000,0.0500,0.0000
  4623,0.0000,0.0000,0.0000,0.0500,0.0000
  4624,0.0000,0.0000,0.0000,0.0500,0.0000
  4625,0.0000,0.0000,0.0000,0.0500,0.0000
  4626,0.0000,0.0000,0.0000,0.0500,0.0000
  4627,0.0000,0.0000,0.0000,0.0500,0.0000
  4628,0.0000,0.0000,0.0000,0.0500,0.0000
  4629,0.0000,0.0000,0.0000,0.0500,0.0000
  4630,0.0000,0.0000,0.0000,0.0500,0.0000
  4631,0.0000,0.0000,0.0000,0.0500,0.0000
  4632,0.0000,0.0000,0.0000,0.0100,0.0000
  4633,0.0000,0.0000,0.0000,0.0100,0.0000
  4634,0.0000,0.0000,0.0000,0.0100,0.0000
  4635,0.0000,0.0000,0.0000,0.0100,0.0000
  4636,0.0000,0.0000,0.0000,0.0100,0.0000
  4637,0.0000,0.0000,0.0000,0.0100,0.0000
  4638,0.0000,0.0000,0.0000,0.0100,0.0000
  4639,0.0000,0.0000,0.0000,0.0100,0.0000
  4640,0.0000,0.0000,0.0000,0.0100,0.0000
  4641,0.0000,0.0000,0.0000,0.0100,0.0000
  4642,0.0000,0.0000,0.0000,0.0500,0.0000
  4643,0.0000,0.0000,0.0000,0.0500,0.0000
  4644,0.0000,0.0000,0.0000,0.0100,0.0000
  4645,0.0000,0.0000,0.0000,0.0500,0.0000
  4646,0.0000,0.0000,0.0000,0.0500,0.0000
  4647,0.0000,0.0000,0.0000,0.0500,0.0000
  4648,0.0000,0.0000,0.0000,0.0100,0.0000
  4649,0.0000,0.0000,0.0000,0.0500,0.0000
  4650,0.0000,0.0000,0.0000,0.0500,0.0000
  4651,0.0000,0.0000,0.0000,0.0100,0.0000
  4652,0.0000,0.0000,0.0000,0.0500,0.0000
  4653,0.0000,0.0000,0.0000,0.0500,0.0000
  4654,0.0000,0.0000,0.0000,0.0500,0.0000
  4655,0.0000,0.0000,0.0000,0.0500,0.0000
  4656,0.0000,0.0000,0.0000,0.0500,0.0000
  4657,0.0000,0.0000,0.0000,0.0500,0.0000
  4658,0.0000,0.0000,0.0000,0.0500,0.0000
  4659,0.0000,0.0000,0.0000,0.0500,0.0000
  4660,0.0000,0.0000,0.0000,0.0500,0.0000
  4661,0.0000,0.0000,0.0000,0.0500,0.0000
  4662,0.0000,0.0000,0.0000,0.0500,0.0000
  4663,0.0000,0.0000,0.0000,0.0500,0.0000
  4664,0.0000,0.0000,0.0000,0.0500,0.0000
  4665,0.0000,0.0000,0.0000,0.0500,0.0000
  4666,0.0000,0.0000,0.0000,0.0000,0.0100
  4667,0.0000,0.0000,0.0000,0.0000,0.0000
  4668,0.0000,0.0000,0.0000,0.0000,0.0000
  4669,0.0000,0.0000,0.0000,0.0000,0.0100
  4670,0.0000,0.0000,0.0000,0.0000,0.0100
  4671,0.0000,0.0000,0.0000,0.0500,0.0000
  4672,0.0000,0.0000,0.0000,0.0000,0.0000
  4673,0.0000,0.0000,0.0000,0.0500,0.0000
  4674,0.0000,0.0000,0.0000,0.0500,0.0000
  4675,0.0000,0.0000,0.0000,0.0500,0.0000
  4676,0.0000,0.0000,0.0000,0.0500,0.0000
  4677,0.0000,0.0000,0.0000,0.0500,0.0000
  4678,0.0000,0.0000,0.0000,0.0500,0.0000
  4679,0.0000,0.0000,0.0000,0.0500,0.0000
  4680,0.0000,0.0000,0.0000,0.0500,0.0000
  4681,0.0000,0.0000,0.0000,0.0500,0.0000
  4682,0.0000,0.0000,0.0000,0.0000,49.8314
  4683,0.0000,0.0000,0.0000,0.0000,6.1593
  4684,0.0000,0.0000,0.0000,0.0000,0.4873
  4685,0.0000,0.0000,0.0000,0.0000,0.0100
  4686,0.0000,0.0000,0.0000,0.0000,0.0100
  4687,0.0000,0.0000,0.0000,0.0000,0.0100
  4688,0.0000,0.0000,0.0000,0.0000,0.0100
  4689,0.0000,0.0000,0.0000,0.0000,1.8489
  4690,0.0000,0.0000,0.0000,0.0000,0.0100
  4691,0.0000,0.0000,0.0000,0.0000,0.0100
  4692,0.0000,0.0000,0.0000,0.0000,0.0100
  4693,0.0000,0.0000,0.0000,0.0000,0.0100
  4694,0.0000,0.0000,0.0000,0.0500,0.0000
  4695,0.0000,0.0000,0.0000,0.0500,0.0000
  4696,0.0000,0.0000,0.0000,0.0500,0.0000
  4697,0.0000,0.0000,0.0000,0.0000,0.0000
  4698,0.0000,0.0000,0.0000,0.0000,0.0000
  4699,0.0000,0.0000,0.0000,0.0000,0.0000
  4700,0.0000,0.0000,0.0000,0.0000,0.0000
  4701,0.0000,0.0000,0.0000,0.0100,0.0000
  4702,0.0000,0.0000,0.0000,0.0000,0.0000
  4703,0.0000,0.0000,0.0000,0.0500,0.0000
  4704,0.0000,0.0000,0.0000,0.0500,0.0000
  4705,0.0000,0.0000,0.0000,0.0000,0.0100
  4706,0.0000,0.0000,0.0000,0.0500,0.0000
  4707,0.0000,0.0000,0.0000,0.0000,0.4128
  4708,0.0000,0.0000,0.0000,0.0000,49.9538
  4709,0.0000,0.0000,0.0000,0.0000,49.8989
  4710,0.0000,0.0000,0.0000,0.0000,0.0101
  4711,0.0000,0.0000,0.0000,0.0500,0.0000
  4712,0.0000,0.0000,0.0000,0.0500,0.0000
  4713,0.0000,0.0000,0.0000,0.0500,0.0000
  4714,0.0000,0.0000,0.0000,0.0500,0.0000
  4715,0.0000,0.0000,0.0000,0.0500,0.0000
  4716,0.0000,0.0000,0.0000,0.0500,0.0000
  4717,0.0000,0.0000,0.0000,0.0500,0.0000
  4718,0.0000,0.0000,0.0000,0.0500,0.0000
  4719,0.0000,0.0000,0.0000,0.0500,0.0000
  4720,0.0000,0.0000,0.0000,0.0500,0.0000
  4721,0.0000,0.0000,0.0000,0.0500,0.0000
  4722,0.0000,0.0000,0.0000,0.0500,0.0000
  4723,0.0000,0.0000,0.0000,0.0500,0.0000
  4724,0.0000,0.0000,0.0000,0.0500,0.0000
  4725,0.0000,0.0000,0.0000,0.0500,0.0000
  4726,0.0000,0.0000,0.0000,0.0100,0.0000
  4727,0.0000,0.0000,0.0000,0.0500,0.0000
  4728,0.0000,0.0000,0.0000,0.0000,0.0000
  4729,0.0000,0.0000,0.0000,0.0500,0.0000
  4730,0.0000,0.0000,0.0000,0.0500,0.0000
  4731,0.0000,0.0000,0.0000,0.0500,0.0000
  4732,0.0000,0.0000,0.0000,0.0000,0.0000
  4733,0.0000,0.0000,0.0000,0.0500,0.0000
  4734,0.0000,0.0000,0.0000,0.0000,0.0000
  4735,0.0000,0.0000,0.0000,0.0500,0.0000
  4736,0.0000,0.0000,0.0000,0.0100,0.0000
  4737,0.0000,0.0000,0.0000,0.0500,0.0000
  4738,0.0000,0.0000,0.0000,0.0100,0.0000
  4739,0.0000,0.0000,0.0000,0.0100,0.0000
  4740,0.0000,0.0000,0.0000,0.0100,0.0000
  4741,0.0000,0.0000,0.0000,0.0500,0.0000
  4742,0.0000,0.0000,0.0000,0.0100,0.0000
  4743,0.0000,0.0000,0.0000,0.0100,0.0000
  4744,0.0000,0.0000,0.0000,0.0500,0.0000
  4745,0.0000,0.0000,0.0000,0.0500,0.0000
  4746,0.0000,0.0000,0.0000,0.0500,0.0000
  4747,0.0000,0.0000,0.0000,0.0100,0.0000
  4748,0.0000,0.0000,0.0000,0.0100,0.0000
  4749,0.0000,0.0000,0.0000,0.0500,0.0000
  4750,0.0000,0.0000,0.0000,0.0500,0.0000
  4751,0.0000,0.0000,0.0000,0.0500,0.0000
  4752,0.0000,0.0000,0.0000,0.0500,0.0000
  4753,0.0000,0.0000,0.0000,0.0000,0.0000
  4754,0.0000,0.0000,0.0000,0.0000,0.0000
  4755,0.0000,0.0000,0.0000,0.0500,0.0000
  4756,0.0000,0.0000,0.0000,0.0500,0.0000
  4757,0.0000,0.0000,0.0000,0.0500,0.0000
  4758,0.0000,0.0000,0.0000,0.0500,0.0000
  4759,440.2655,440.2655,0.0000,0.0000,0.0000
  4760,2185.2036,2185.2036,0.0000,0.0000,0.0000
  4761,0.0000,0.0000,0.0000,0.0000,5.5802
  4762,0.0000,0.0000,0.0000,0.0000,0.0100
  4763,0.0000,0.0000,0.0000,0.0000,0.0100
  4764,0.0000,0.0000,0.0000,0.0500,0.0000
  4765,0.0000,0.0000,0.0000,0.0500,0.0000
  4766,395.6645,395.6645,0.0000,0.0000,0.0000
  4767,1952.4219,1952.4219,0.0000,0.0000,0.0000
  4768,0.0000,0.0000,0.0000,0.0000,0.0000
  4769,0.0000,0.0000,0.0000,0.0000,0.0000
  4770,0.0000,0.0000,0.0000,0.0000,0.0000
  4771,0.0000,0.0000,0.0000,0.3000,0.0100
  4772,0.0000,0.0000,0.0000,0.3000,0.0100
  4773,0.0000,0.0000,0.0000,0.3500,0.0100
  4774,0.0000,0.0000,0.0000,0.3500,0.0100
  4775,0.0000,0.0000,0.0000,0.3500,0.0100
  4776,0.0000,0.0000,0.0000,0.3000,0.0100
  4777,0.0000,0.0000,0.0000,0.3500,0.0100
  4778,0.0000,0.0000,0.0000,0.3000,0.0100
  4779,0.0000,0.0000,0.0000,0.3500,0.0100
  4780,0.0000,0.0000,0.0000,0.3000,0.0100
  4781,0.0000,0.0000,0.0000,0.3000,0.0100
  4782,0.0000,0.0000,0.0000,0.3000,0.0100
  4783,0.0000,0.0000,0.0000,0.3000,0.0100
  4784,0.0000,0.0000,0.0000,0.3000,0.0100
  4785,0.0000,0.0000,0.0000,0.3000,0.0100
  4786,0.0000,0.0000,0.0000,0.3000,0.0100
  4787,0.0000,0.0000,0.0000,0.3000,0.0100
  4788,0.0000,0.0000,0.0000,0.3500,0.0100
  4789,0.0000,0.0000,0.0000,0.3000,0.0100
  4790,0.0000,0.0000,0.0000,0.3000,2.3573
  4791,0.0000,0.0000,0.0000,0.3500,0.0100
  4792,0.0000,0.0000,0.0000,0.3500,0.0100
  4793,0.0000,0.0000,0.0000,0.3500,0.0100
  4794,0.0000,0.0000,0.0000,0.3500,0.0100
  4795,0.0000,0.0000,0.0000,0.3500,0.0100
  4796,0.0000,0.0000,0.0000,0.3500,0.0100
  4797,0.0000,0.0000,0.0000,0.0000,0.0000
  4798,0.0000,0.0000,0.0000,0.0000,0.0000
  4799,0.0000,0.0000,0.0000,0.0000,0.0000
  4800,0.0000,0.0000,0.0000,0.0000,40.9320
  4801,0.0000,0.0000,0.0000,0.0000,0.0100
  4802,0.0000,0.0000,0.0000,0.0000,26.1057
  4803,0.0000,0.0000,0.0000,0.0000,0.0000
  4804,0.0000,0.0000,0.0000,0.0500,0.0000
  4805,0.0000,0.0000,0.0000,0.0500,0.0000
  4806,0.0000,0.0000,0.0000,0.0500,0.0000
  4807,0.0000,0.0000,0.0000,0.0500,0.0000
  4808,0.0000,0.0000,0.0000,0.0500,0.0000
  4809,0.0000,0.0000,0.0000,0.0500,0.0000
  4810,0.0000,0.0000,0.0000,0.0100,0.0000
  4811,0.0000,0.0000,0.0000,0.0500,0.0000
  4812,0.0000,0.0000,0.0000,0.0100,0.0000
  4813,0.0000,0.0000,0.0000,0.0500,0.0000
  4814,0.0000,0.0000,0.0000,0.0500,0.0000
  4815,0.0000,0.0000,0.0000,0.0500,0.0000
  4816,0.0000,0.0000,0.0000,0.0500,0.0000
  4817,0.0000,0.0000,0.0000,0.0500,0.0000
  4818,0.0000,0.0000,0.0000,0.0100,0.0000
  4819,0.0000,0.0000,0.0000,0.0100,0.0000
  4820,0.0000,0.0000,0.0000,0.0500,0.0000
  4821,0.0000,0.0000,0.0000,0.0500,0.0000
  4822,0.0000,0.0000,0.0000,0.0100,0.0000
  4823,0.0000,0.0000,0.0000,0.0100,0.0000
  4824,0.0000,0.0000,0.0000,0.0100,0.0000
  4825,0.0000,0.0000,0.0000,0.0100,0.0000
  4826,0.0000,0.0000,0.0000,0.0100,0.0000
  4827,0.0000,0.0000,0.0000,0.0500,0.0000
  4828,0.0000,0.0000,0.0000,0.0500,0.0000
  4829,0.0000,0.0000,0.0000,0.0500,0.0000
  4830,0.0000,0.0000,0.0000,0.0000,0.0000
  4831,0.0000,0.0000,0.0000,0.0000,0.0000
  4832,0.0000,0.0000,0.0000,0.0500,0.0000
  4833,0.0000,0.0000,0.0000,0.0000,0.0000
  4834,0.0000,0.0000,0.0000,0.0000,0.0000
  4835,0.0000,0.0000,0.0000,0.0500,0.0000
  4836,0.0000,0.0000,0.0000,0.0500,0.0000
  4837,0.0000,0.0000,0.0000,0.0500,0.0000
  4838,0.0000,0.0000,0.0000,0.0500,0.0000
  4839,0.0000,0.0000,0.0000,0.0500,0.0000
  4840,0.0000,0.0000,0.0000,0.0500,0.0000
  4841,0.0000,0.0000,0.0000,0.0500,0.0000
  4842,0.0000,0.0000,0.0000,0.0500,0.0000
  4843,0.0000,0.0000,0.0000,0.0500,0.0000
  4844,0.0000,0.0000,0.0000,0.0500,0.0000
  4845,0.0000,0.0000,0.0000,0.0500,0.0000
  4846,0.0000,0.0000,0.0000,0.0500,0.0000
  4847,0.0000,0.0000,0.0000,0.0500,0.0000
  4848,0.0000,0.0000,0.0000,0.0500,0.0000
  4849,0.0000,0.0000,0.0000,0.0500,0.0000
  4850,0.0000,0.0000,0.0000,0.0500,0.0000
  4851,0.0000,0.0000,0.0000,0.0500,0.0000
  4852,0.0000,0.0000,0.0000,0.0000,0.0000
  4853,0.0000,0.0000,0.0000,0.0000,0.0000
  4854,0.0000,0.0000,0.0000,0.0000,0.0000
  4855,0.0000,0.0000,0.0000,0.0500,0.0000
  4856,0.0000,0.0000,0.0000,0.0000,0.0100
  4857,0.0000,0.0000,0.0000,0.0500,0.0000
  4858,0.0000,0.0000,0.0000,0.0500,0.0000
  4859,0.0000,0.0000,0.0000,0.0500,0.0000
  4860,0.0000,0.0000,0.0000,0.0500,0.0000
  4861,0.0000,0.0000,0.0000,0.0500,0.0000
  4862,0.0000,0.0000,0.0000,0.0500,0.0000
  4863,0.0000,0.0000,0.0000,0.0500,0.0000
  4864,0.0000,0.0000,0.0000,0.0500,0.0000
  4865,0.0000,0.0000,0.0000,0.0500,0.0000
  4866,0.0000,0.0000,0.0000,0.0500,0.0000
  4867,0.0000,0.0000,0.0000,0.0500,0.0000
  4868,0.0000,0.0000,0.0000,0.0000,49.6943
  4869,0.0000,0.0000,0.0000,0.0000,49.5025
  4870,0.0000,0.0000,0.0000,0.0000,49.6549
  4871,0.0000,0.0000,0.0000,0.0000,0.0101
  4872,0.0000,0.0000,0.0000,0.0000,3.4270
  4873,0.0000,0.0000,0.0000,0.0000,0.0100
  4874,0.0000,0.0000,0.0000,0.0000,0.0100
  4875,0.0000,0.0000,0.0000,0.0000,0.0100
  4876,0.0000,0.0000,0.0000,0.0000,0.0103
  4877,0.0000,0.0000,0.0000,0.0000,49.4705
  4878,0.0000,0.0000,0.0000,0.0000,0.0100
  4879,0.0000,0.0000,0.0000,0.0000,0.0100
  4880,0.0000,0.0000,0.0000,0.0000,0.0100
  4881,0.0000,0.0000,0.0000,0.0000,0.0100
  4882,0.0000,0.0000,0.0000,0.0500,0.0000
  4883,0.0000,0.0000,0.0000,0.0500,0.0000
  4884,0.0000,0.0000,0.0000,0.0500,0.0000
  4885,0.0000,0.0000,0.0000,0.0000,0.0000
  4886,0.0000,0.0000,0.0000,0.0100,0.0000
  4887,0.0000,0.0000,0.0000,0.0000,0.0000
  4888,0.0000,0.0000,0.0000,0.0000,0.0000
  4889,0.0000,0.0000,0.0000,0.0000,0.0000
  4890,0.0000,0.0000,0.0000,0.0000,0.0000
  4891,0.0000,0.0000,0.0000,0.0000,0.0000
  4892,0.0000,0.0000,0.0000,0.0100,0.0000
  4893,0.0000,0.0000,0.0000,0.0500,0.0000
  4894,0.0000,0.0000,0.0000,0.0500,0.0000
  4895,0.0000,0.0000,0.0000,0.0100,0.0000
  4896,0.0000,0.0000,0.0000,0.0000,0.0104
  4897,0.0000,0.0000,0.0000,0.0000,0.0100
  4898,0.0000,0.0000,0.0000,0.0000,19.9137
  4899,0.0000,0.0000,0.0000,0.0500,0.0000
  4900,0.0000,0.0000,0.0000,0.0500,0.0000
  4901,0.0000,0.0000,0.0000,0.0500,0.0000
  4902,0.0000,0.0000,0.0000,0.0500,0.0000
  4903,0.0000,0.0000,0.0000,0.0500,0.0000
  4904,0.0000,0.0000,0.0000,0.0500,0.0000
  4905,0.0000,0.0000,0.0000,0.0500,0.0000
  4906,0.0000,0.0000,0.0000,0.0500,0.0000
  4907,0.0000,0.0000,0.0000,0.0500,0.0000
  4908,0.0000,0.0000,0.0000,0.0500,0.0000
  4909,0.0000,0.0000,0.0000,0.0500,0.0000
  4910,0.0000,0.0000,0.0000,0.0500,0.0000
  4911,0.0000,0.0000,0.0000,0.0500,0.0000
  4912,0.0000,0.0000,0.0000,0.0500,0.0000
  4913,0.0000,0.0000,0.0000,0.0500,0.0000
  4914,0.0000,0.0000,0.0000,0.0500,0.0000
  4915,0.0000,0.0000,0.0000,0.0500,0.0000
  4916,0.0000,0.0000,0.0000,0.0000,0.0000
  4917,0.0000,0.0000,0.0000,0.0500,0.0000
  4918,0.0000,0.0000,0.0000,0.0500,0.0000
  4919,0.0000,0.0000,0.0000,0.0500,0.0000
  4920,0.0000,0.0000,0.0000,0.0500,0.0000
  4921,0.0000,0.0000,0.0000,0.0500,0.0000
  4922,0.0000,0.0000,0.0000,0.0000,0.0000
  4923,0.0000,0.0000,0.0000,0.0500,0.0000
  4924,0.0000,0.0000,0.0000,0.0500,0.0000
  4925,0.0000,0.0000,0.0000,0.0100,0.0000
  4926,0.0000,0.0000,0.0000,0.0500,0.0000
  4927,0.0000,0.0000,0.0000,0.0500,0.0000
  4928,0.0000,0.0000,0.0000,0.0100,0.0000
  4929,0.0000,0.0000,0.0000,0.0500,0.0000
  4930,0.0000,0.0000,0.0000,0.0500,0.0000
  4931,0.0000,0.0000,0.0000,0.0100,0.0000
  4932,0.0000,0.0000,0.0000,0.0500,0.0000
  4933,0.0000,0.0000,0.0000,0.0100,0.0000
  4934,0.0000,0.0000,0.0000,0.0100,0.0000
  4935,0.0000,0.0000,0.0000,0.0500,0.0000
  4936,0.0000,0.0000,0.0000,0.0500,0.0000
  4937,0.0000,0.0000,0.0000,0.0500,0.0000
  4938,0.0000,0.0000,0.0000,0.0500,0.0000
  4939,0.0000,0.0000,0.0000,0.0500,0.0000
  4940,0.0000,0.0000,0.0000,0.0500,0.0000
  4941,0.0000,0.0000,0.0000,0.0500,0.0000
  4942,0.0000,0.0000,0.0000,0.0500,0.0000
  4943,0.0000,0.0000,0.0000,0.0500,0.0000
  4944,0.0000,0.0000,0.0000,0.0000,0.0000
  4945,0.0000,0.0000,0.0000,0.0500,0.0000
  4946,0.0000,0.0000,0.0000,0.0000,0.0133
  4947,0.0000,0.0000,0.0000,0.0500,0.0000
  4948,0.0000,0.0000,0.0000,0.0500,0.0000
  4949,0.0000,0.0000,0.0000,0.0000,8.1735
  4950,0.0000,0.0000,0.0000,0.0000,11.1773
  4951,0.0000,0.0000,0.0000,0.0000,0.0000
  4952,0.0000,0.0000,0.0000,0.0000,0.0105
  4953,0.0000,0.0000,0.0000,0.0500,0.0000
  4954,0.0000,0.0000,0.0000,0.0000,0.0123
  4955,909.7368,909.7368,0.0000,0.0000,0.0000
  4956,8350.5868,8350.5868,0.0000,0.0000,0.0000
  4957,0.0000,0.0000,0.0000,0.0000,6.7186
  4958,0.0000,0.0000,0.0000,0.0000,0.0000
  4959,0.0000,0.0000,0.0000,0.0000,0.0000
  4960,0.0000,0.0000,0.0000,0.0000,0.0000
  4961,0.0000,0.0000,0.0000,0.0000,0.0000
  4962,0.0000,0.0000,0.0000,0.3000,0.0100
  4963,0.0000,0.0000,0.0000,0.3000,0.0100
  4964,0.0000,0.0000,0.0000,0.3000,0.0100
  4965,0.0000,0.0000,0.0000,0.3000,0.0100
  4966,0.0000,0.0000,0.0000,0.3000,0.0100
  4967,0.0000,0.0000,0.0000,0.3000,0.0100
  4968,0.0000,0.0000,0.0000,0.3000,0.0100
  4969,0.0000,0.0000,0.0000,0.3000,0.0100
  4970,0.0000,0.0000,0.0000,0.3500,0.0100
  4971,0.0000,0.0000,0.0000,0.3000,0.0110
  4972,0.0000,0.0000,0.0000,0.3000,0.0100
  4973,0.0000,0.0000,0.0000,0.2500,0.0142
  4974,0.0000,0.0000,0.0000,0.2500,0.0100
  4975,0.0000,0.0000,0.0000,0.2500,0.0101
  4976,0.0000,0.0000,0.0000,0.2500,0.0100
  4977,0.0000,0.0000,0.0000,0.3000,0.0100
  4978,0.0000,0.0000,0.0000,0.3000,0.0100
  4979,0.0000,0.0000,0.0000,0.3000,0.0100
  4980,0.0000,0.0000,0.0000,0.3500,0.0100
  4981,0.0000,0.0000,0.0000,0.3500,0.0100
  4982,0.0000,0.0000,0.0000,0.3000,0.0100
  4983,0.0000,0.0000,0.0000,0.3000,1.5863
  4984,0.0000,0.0000,0.0000,0.3500,0.0100
  4985,0.0000,0.0000,0.0000,0.3000,0.0100
  4986,0.0000,0.0000,0.0000,0.3000,0.0100
  4987,0.0000,0.0000,0.0000,0.3500,0.0100
  4988,0.0000,0.0000,0.0000,0.3500,0.0100
  4989,0.0000,0.0000,0.0000,0.3000,0.0100
  4990,0.0000,0.0000,0.0000,0.3000,0.0100
  4991,0.0000,0.0000,0.0000,0.3500,0.0100
  4992,0.0000,0.0000,0.0000,0.3000,0.0100
  4993,0.0000,0.0000,0.0000,0.3000,0.0102
  4994,0.0000,0.0000,0.0000,0.3000,0.0133
  4995,0.0000,0.0000,0.0000,0.0000,0.0000
  4996,17750.5517,17750.5517,0.0000,0.0000,0.0000
  4997,0.0000,0.0000,0.0000,0.0000,0.0000
  4998,0.0000,0.0000,0.0000,0.0000,0.0100
  4999,0.0000,0.0000,0.0000,0.0500,0.0000
  5000,0.0000,0.0000,0.0000,0.0000,9.2136
  5001,0.0000,0.0000,0.0000,0.0000,0.0304
  5002,0.0000,0.0000,0.0000,0.0500,0.0000
  5003,0.0000,0.0000,0.0000,0.0500,0.0000
  5004,0.0000,0.0000,0.0000,0.0500,0.0000
  5005,0.0000,0.0000,0.0000,0.0500,0.0000
  5006,0.0000,0.0000,0.0000,0.0500,0.0000
  5007,0.0000,0.0000,0.0000,0.0500,0.0000
  5008,0.0000,0.0000,0.0000,0.0500,0.0000
  5009,0.0000,0.0000,0.0000,0.0100,0.0000
  5010,0.0000,0.0000,0.0000,0.0100,0.0000
  5011,0.0000,0.0000,0.0000,0.0100,0.0000
  5012,0.0000,0.0000,0.0000,0.0500,0.0000
  5013,0.0000,0.0000,0.0000,0.0500,0.0000
  5014,0.0000,0.0000,0.0000,0.0100,0.0000
  5015,0.0000,0.0000,0.0000,0.0100,0.0000
  5016,0.0000,0.0000,0.0000,0.0100,0.0000
  5017,0.0000,0.0000,0.0000,0.0100,0.0000
  5018,0.0000,0.0000,0.0000,0.0000,0.0000
  5019,0.0000,0.0000,0.0000,0.0000,0.0000
  5020,0.0000,0.0000,0.0000,0.0000,0.0000
  5021,0.0000,0.0000,0.0000,0.0100,0.0000
  5022,0.0000,0.0000,0.0000,0.0500,0.0000
  5023,0.0000,0.0000,0.0000,0.0500,0.0000
  5024,0.0000,0.0000,0.0000,0.0500,0.0000
  5025,0.0000,0.0000,0.0000,0.0000,0.0000
  5026,0.0000,0.0000,0.0000,0.0500,0.0000
  5027,0.0000,0.0000,0.0000,0.0500,0.0000
  5028,0.0000,0.0000,0.0000,0.0000,0.0000
  5029,0.0000,0.0000,0.0000,0.0500,0.0000
  5030,0.0000,0.0000,0.0000,0.0000,0.0000
  5031,0.0000,0.0000,0.0000,0.0000,0.0000
  5032,0.0000,0.0000,0.0000,0.0100,0.0000
  5033,0.0000,0.0000,0.0000,0.0500,0.0000
  5034,0.0000,0.0000,0.0000,0.0500,0.0000
  5035,0.0000,0.0000,0.0000,0.0100,0.0000
  5036,0.0000,0.0000,0.0000,0.0500,0.0000
  5037,0.0000,0.0000,0.0000,0.0500,0.0000
  5038,0.0000,0.0000,0.0000,0.0500,0.0000
  5039,0.0000,0.0000,0.0000,0.0500,0.0000
  5040,0.0000,0.0000,0.0000,0.0500,0.0000
  5041,0.0000,0.0000,0.0000,0.0500,0.0000
  5042,0.0000,0.0000,0.0000,0.0500,0.0000
  5043,0.0000,0.0000,0.0000,0.0500,0.0000
  5044,0.0000,0.0000,0.0000,0.0500,0.0000
  5045,0.0000,0.0000,0.0000,0.0500,0.0000
  5046,0.0000,0.0000,0.0000,0.0500,0.0000
  5047,0.0000,0.0000,0.0000,0.0500,0.0000
  5048,0.0000,0.0000,0.0000,0.0500,0.0000
  5049,0.0000,0.0000,0.0000,0.0500,0.0000
  5050,0.0000,0.0000,0.0000,0.0500,0.0000
  5051,0.0000,0.0000,0.0000,0.0500,0.0000
  5052,0.0000,0.0000,0.0000,0.0000,0.0000
  5053,0.0000,0.0000,0.0000,0.0000,0.0000
  5054,0.0000,0.0000,0.0000,0.0500,0.0000
  5055,0.0000,0.0000,0.0000,0.0000,0.0100
  5056,0.0000,0.0000,0.0000,0.0000,0.0100
  5057,0.0000,0.0000,0.0000,0.0500,0.0000
  5058,0.0000,0.0000,0.0000,0.0500,0.0000
  5059,0.0000,0.0000,0.0000,0.0500,0.0000
  5060,0.0000,0.0000,0.0000,0.0500,0.0000
  5061,0.0000,0.0000,0.0000,0.0500,0.0000
  5062,0.0000,0.0000,0.0000,0.0500,0.0000
  5063,0.0000,0.0000,0.0000,0.0500,0.0000
  5064,0.0000,0.0000,0.0000,0.0500,0.0000
  5065,0.0000,0.0000,0.0000,0.0500,0.0000
  5066,0.0000,0.0000,0.0000,0.0500,0.0000
  5067,0.0000,0.0000,0.0000,0.0000,7.0827
  5068,0.0000,0.0000,0.0000,0.0000,48.9335
  5069,0.0000,0.0000,0.0000,0.0000,0.0100
  5070,0.0000,0.0000,0.0000,0.0000,0.0100
  5071,0.0000,0.0000,0.0000,0.0000,0.0100
  5072,0.0000,0.0000,0.0000,0.0000,0.0100
  5073,0.0000,0.0000,0.0000,0.0000,0.0108
  5074,0.0000,0.0000,0.0000,0.0000,0.0100
  5075,0.0000,0.0000,0.0000,0.0000,3.5891
  5076,0.0000,0.0000,0.0000,0.0000,49.8522
  5077,0.0000,0.0000,0.0000,0.0000,0.0100
  5078,0.0000,0.0000,0.0000,0.0000,0.0100
  5079,0.0000,0.0000,0.0000,0.0500,0.0000
  5080,0.0000,0.0000,0.0000,0.0500,0.0000
  5081,0.0000,0.0000,0.0000,0.0500,0.0000
  5082,0.0000,0.0000,0.0000,0.0000,0.0000
  5083,0.0000,0.0000,0.0000,0.0000,0.0000
  5084,0.0000,0.0000,0.0000,0.0000,0.0000
  5085,0.0000,0.0000,0.0000,0.0000,0.0000
  5086,0.0000,0.0000,0.0000,0.0000,0.0000
  5087,0.0000,0.0000,0.0000,0.0000,0.0000
  5088,0.0000,0.0000,0.0000,0.0000,0.0000
  5089,0.0000,0.0000,0.0000,0.0000,0.0000
  5090,0.0000,0.0000,0.0000,0.0100,0.0000
  5091,0.0000,0.0000,0.0000,0.0100,0.0000
  5092,0.0000,0.0000,0.0000,0.0500,0.0000
  5093,0.0000,0.0000,0.0000,0.0100,0.0000
  5094,0.0000,0.0000,0.0000,0.0500,0.0000
  5095,0.0000,0.0000,0.0000,0.0000,0.0100
  5096,0.0000,0.0000,0.0000,0.0000,0.0789
  5097,0.0000,0.0000,0.0000,0.0500,0.0000
  5098,0.0000,0.0000,0.0000,0.0500,0.0000
  5099,0.0000,0.0000,0.0000,0.0500,0.0000
  5100,0.0000,0.0000,0.0000,0.0500,0.0000
  5101,0.0000,0.0000,0.0000,0.0500,0.0000
  5102,0.0000,0.0000,0.0000,0.0500,0.0000
  5103,0.0000,0.0000,0.0000,0.0500,0.0000
  5104,0.0000,0.0000,0.0000,0.0500,0.0000
  5105,0.0000,0.0000,0.0000,0.0500,0.0000
  5106,0.0000,0.0000,0.0000,0.0500,0.0000
  5107,0.0000,0.0000,0.0000,0.0500,0.0000
  5108,0.0000,0.0000,0.0000,0.0500,0.0000
  5109,0.0000,0.0000,0.0000,0.0500,0.0000
  5110,0.0000,0.0000,0.0000,0.0500,0.0000
  5111,0.0000,0.0000,0.0000,0.0500,0.0000
  5112,0.0000,0.0000,0.0000,0.0000,0.0000
  5113,0.0000,0.0000,0.0000,0.0500,0.0000
  5114,0.0000,0.0000,0.0000,0.0500,0.0000
  5115,0.0000,0.0000,0.0000,0.0500,0.0000
  5116,0.0000,0.0000,0.0000,0.0500,0.0000
  5117,0.0000,0.0000,0.0000,0.0500,0.0000
  5118,0.0000,0.0000,0.0000,0.0500,0.0000
  5119,0.0000,0.0000,0.0000,0.0500,0.0000
  5120,0.0000,0.0000,0.0000,0.0500,0.0000
  5121,0.0000,0.0000,0.0000,0.0500,0.0000
  5122,0.0000,0.0000,0.0000,0.0000,0.0000
  5123,0.0000,0.0000,0.0000,0.0500,0.0000
  5124,0.0000,0.0000,0.0000,0.0500,0.0000
  5125,0.0000,0.0000,0.0000,0.0500,0.0000
  5126,0.0000,0.0000,0.0000,0.0500,0.0000
  5127,0.0000,0.0000,0.0000,0.0500,0.0000
  5128,0.0000,0.0000,0.0000,0.0100,0.0000
  5129,0.0000,0.0000,0.0000,0.0500,0.0000
  5130,0.0000,0.0000,0.0000,0.0500,0.0000
  5131,0.0000,0.0000,0.0000,0.0100,0.0000
  5132,0.0000,0.0000,0.0000,0.0100,0.0000
  5133,0.0000,0.0000,0.0000,0.0100,0.0000
  5134,0.0000,0.0000,0.0000,0.0500,0.0000
  5135,0.0000,0.0000,0.0000,0.0500,0.0000
  5136,0.0000,0.0000,0.0000,0.0500,0.0000
  5137,0.0000,0.0000,0.0000,0.0500,0.0000
  5138,0.0000,0.0000,0.0000,0.0500,0.0000
  5139,0.0000,0.0000,0.0000,0.0500,0.0000
  5140,0.0000,0.0000,0.0000,0.0500,0.0000
  5141,0.0000,0.0000,0.0000,0.0500,0.0000
  5142,0.0000,0.0000,0.0000,0.0500,0.0000
  5143,0.0000,0.0000,0.0000,0.0500,0.0000
  5144,0.0000,0.0000,0.0000,0.0500,0.0000
  5145,0.0000,0.0000,0.0000,0.0000,0.0187
  5146,0.0000,0.0000,0.0000,0.0500,0.0000
  5147,0.0000,0.0000,0.0000,0.0000,0.5808
  5148,0.0000,0.0000,0.0000,0.0000,2.8727
  5149,0.0000,0.0000,0.0000,0.0000,0.0000
  5150,0.0000,0.0000,0.0000,0.0000,0.0000
  5151,0.0000,0.0000,0.0000,0.0000,0.0277
  5152,0.0000,0.0000,0.0000,0.0000,0.0334
  5153,1015.1746,1015.1746,0.0000,0.0000,0.0000
  5154,1956.3659,1956.3659,0.0000,0.0000,0.0000
  5155,0.0000,0.0000,0.0000,0.0000,0.0531
  5156,0.0000,0.0000,0.0000,0.0000,0.0000
  5157,0.0000,0.0000,0.0000,0.3000,0.0100
  5158,0.0000,0.0000,0.0000,0.3500,0.0100
  5159,0.0000,0.0000,0.0000,0.3000,0.0100
  5160,0.0000,0.0000,0.0000,0.2500,0.0100
  5161,0.0000,0.0000,0.0000,0.3000,0.0102
  5162,0.0000,0.0000,0.0000,0.3000,0.8064
  5163,8061.3390,8061.3390,0.0000,0.0000,0.0000
  5164,16893.2116,16893.2116,0.0000,0.0000,0.0000
  5165,16864.6810,16864.6810,0.0000,0.0000,0.0000
  5166,17654.9419,17654.9419,0.0000,0.0000,0.0000
  5167,17730.1483,17730.1483,0.0000,0.0000,0.0000
  5168,16104.1607,16104.1607,0.0000,0.0000,0.0000
  5169,17712.7534,17712.7534,0.0000,0.0000,0.0000
  5170,17734.6263,17734.6263,0.0000,0.0000,0.0000
  5171,0.0000,0.0000,0.0000,0.2500,0.0102
  5172,17793.6071,17793.6071,0.0000,0.0000,0.0000
  5173,16854.5554,16854.5554,0.0000,0.0000,0.0000
  5174,0.0000,0.0000,0.0000,0.3000,0.0100
  5175,0.0000,0.0000,0.0000,0.3500,0.0100
  5176,0.0000,0.0000,0.0000,0.3000,0.0100
  5177,0.0000,0.0000,0.0000,0.3500,0.0100
  5178,0.0000,0.0000,0.0000,0.2500,0.0100
  5179,0.0000,0.0000,0.0000,0.2500,0.0100
  5180,0.0000,0.0000,0.0000,0.2500,2.1918
  5181,0.0000,0.0000,0.0000,0.2500,0.0101
  5182,0.0000,0.0000,0.0000,0.2500,0.0100
  5183,0.0000,0.0000,0.0000,0.2500,0.0102
  5184,0.0000,0.0000,0.0000,0.0000,0.0000
  5185,1278.7386,1278.7386,0.0000,0.0000,0.0000
  5186,0.0000,0.0000,0.0000,0.3000,6.6994
  5187,15952.8926,15952.8926,0.0000,0.0000,0.0000
  5188,6127.5999,6127.5999,0.0000,0.0000,0.0000
  5189,0.0000,0.0000,0.0000,0.3000,7.4883
  5190,0.0000,0.0000,0.0000,0.3000,7.4832
  5191,0.0000,0.0000,0.0000,0.0000,0.0142
  5192,0.0000,0.0000,0.0000,0.0500,0.0000
  5193,0.0000,0.0000,0.0000,0.0500,0.0000
  5194,0.0000,0.0000,0.0000,0.0500,0.0000
  5195,0.0000,0.0000,0.0000,0.0500,0.0000
  5196,0.0000,0.0000,0.0000,0.0500,0.0000
  5197,0.0000,0.0000,0.0000,0.0500,0.0000
  5198,0.0000,0.0000,0.0000,0.0100,0.0000
  5199,0.0000,0.0000,0.0000,0.0100,0.0000
  5200,0.0000,0.0000,0.0000,0.0100,0.0000
  5201,0.0000,0.0000,0.0000,0.0100,0.0000
  5202,0.0000,0.0000,0.0000,0.0100,0.0000
  5203,0.0000,0.0000,0.0000,0.0100,0.0000
  5204,0.0000,0.0000,0.0000,0.0100,0.0000
  5205,0.0000,0.0000,0.0000,0.0100,0.0000
  5206,0.0000,0.0000,0.0000,0.0100,0.0000
  5207,0.0000,0.0000,0.0000,0.0100,0.0000
  5208,0.0000,0.0000,0.0000,0.0000,0.0000
  5209,0.0000,0.0000,0.0000,0.0000,0.0000
  5210,0.0000,0.0000,0.0000,0.0100,0.0000
  5211,0.0000,0.0000,0.0000,0.0000,0.0000
  5212,0.0000,0.0000,0.0000,0.0100,0.0000
  5213,0.0000,0.0000,0.0000,0.0500,0.0000
  5214,0.0000,0.0000,0.0000,0.0100,0.0000
  5215,0.0000,0.0000,0.0000,0.0100,0.0000
  5216,0.0000,0.0000,0.0000,0.0500,0.0000
  5217,0.0000,0.0000,0.0000,0.0100,0.0000
  5218,0.0000,0.0000,0.0000,0.0500,0.0000
  5219,0.0000,0.0000,0.0000,0.0000,0.0000
  5220,0.0000,0.0000,0.0000,0.0000,0.0000
  5221,0.0000,0.0000,0.0000,0.0000,0.0000
  5222,0.0000,0.0000,0.0000,0.0500,0.0000
  5223,0.0000,0.0000,0.0000,0.0500,0.0000
  5224,0.0000,0.0000,0.0000,0.0500,0.0000
  5225,0.0000,0.0000,0.0000,0.0500,0.0000
  5226,0.0000,0.0000,0.0000,0.0100,0.0000
  5227,0.0000,0.0000,0.0000,0.0500,0.0000
  5228,0.0000,0.0000,0.0000,0.0500,0.0000
  5229,0.0000,0.0000,0.0000,0.0500,0.0000
  5230,0.0000,0.0000,0.0000,0.0500,0.0000
  5231,0.0000,0.0000,0.0000,0.0500,0.0000
  5232,0.0000,0.0000,0.0000,0.0500,0.0000
  5233,0.0000,0.0000,0.0000,0.0500,0.0000
  5234,0.0000,0.0000,0.0000,0.0500,0.0000
  5235,0.0000,0.0000,0.0000,0.0500,0.0000
  5236,0.0000,0.0000,0.0000,0.0500,0.0000
  5237,0.0000,0.0000,0.0000,0.0500,0.0000
  5238,0.0000,0.0000,0.0000,0.0500,0.0000
  5239,0.0000,0.0000,0.0000,0.0500,0.0000
  5240,0.0000,0.0000,0.0000,0.0500,0.0000
  5241,0.0000,0.0000,0.0000,0.0500,0.0000
  5242,0.0000,0.0000,0.0000,0.0500,0.0000
  5243,0.0000,0.0000,0.0000,0.0000,0.0100
  5244,0.0000,0.0000,0.0000,0.0500,0.0000
  5245,0.0000,0.0000,0.0000,0.0500,0.0000
  5246,0.0000,0.0000,0.0000,0.0500,0.0000
  5247,0.0000,0.0000,0.0000,0.0000,0.0000
  5248,0.0000,0.0000,0.0000,0.0500,0.0000
  5249,0.0000,0.0000,0.0000,0.0500,0.0000
  5250,0.0000,0.0000,0.0000,0.0500,0.0000
  5251,0.0000,0.0000,0.0000,0.0500,0.0000
  5252,0.0000,0.0000,0.0000,0.0500,0.0000
  5253,0.0000,0.0000,0.0000,0.0500,0.0000
  5254,0.0000,0.0000,0.0000,0.0500,0.0000
  5255,0.0000,0.0000,0.0000,0.0500,0.0000
  5256,0.0000,0.0000,0.0000,0.0500,0.0000
  5257,0.0000,0.0000,0.0000,0.0000,48.3032
  5258,0.0000,0.0000,0.0000,0.0000,0.0100
  5259,0.0000,0.0000,0.0000,0.0000,0.0100
  5260,0.0000,0.0000,0.0000,0.0000,0.0100
  5261,0.0000,0.0000,0.0000,0.0000,0.0100
  5262,0.0000,0.0000,0.0000,0.0000,0.0126
  5263,0.0000,0.0000,0.0000,0.0000,0.0100
  5264,0.0000,0.0000,0.0000,0.0000,3.4245
  5265,0.0000,0.0000,0.0000,0.0000,0.0100
  5266,0.0000,0.0000,0.0000,0.0000,0.0100
  5267,0.0000,0.0000,0.0000,0.0000,48.1895
  5268,0.0000,0.0000,0.0000,0.0000,0.0000
  5269,0.0000,0.0000,0.0000,0.0500,0.0000
  5270,0.0000,0.0000,0.0000,0.0500,0.0000
  5271,0.0000,0.0000,0.0000,0.0500,0.0000
  5272,0.0000,0.0000,0.0000,0.0500,0.0000
  5273,0.0000,0.0000,0.0000,0.0000,0.0000
  5274,0.0000,0.0000,0.0000,0.0000,0.0000
  5275,0.0000,0.0000,0.0000,0.0000,0.0000
  5276,0.0000,0.0000,0.0000,0.0000,0.0000
  5277,0.0000,0.0000,0.0000,0.0000,0.0000
  5278,0.0000,0.0000,0.0000,0.0000,0.0000
  5279,0.0000,0.0000,0.0000,0.0000,0.0000
  5280,0.0000,0.0000,0.0000,0.0000,0.0000
  5281,0.0000,0.0000,0.0000,0.0000,0.0000
  5282,0.0000,0.0000,0.0000,0.0000,0.0000
  5283,0.0000,0.0000,0.0000,0.0100,0.0000
  5284,0.0000,0.0000,0.0000,0.0500,0.0000
  5285,0.0000,0.0000,0.0000,0.0500,0.0000
  5286,0.0000,0.0000,0.0000,0.0000,0.0100
  5287,0.0000,0.0000,0.0000,0.0100,0.0000
  5288,0.0000,0.0000,0.0000,0.0100,0.0000
  5289,0.0000,0.0000,0.0000,0.0000,0.0118
  5290,0.0000,0.0000,0.0000,0.0000,0.0464
  5291,0.0000,0.0000,0.0000,0.0500,0.0000
  5292,0.0000,0.0000,0.0000,0.0500,0.0000
  5293,0.0000,0.0000,0.0000,0.0500,0.0000
  5294,0.0000,0.0000,0.0000,0.0500,0.0000
  5295,0.0000,0.0000,0.0000,0.0500,0.0000
  5296,0.0000,0.0000,0.0000,0.0500,0.0000
  5297,0.0000,0.0000,0.0000,0.0500,0.0000
  5298,0.0000,0.0000,0.0000,0.0500,0.0000
  5299,0.0000,0.0000,0.0000,0.0500,0.0000
  5300,0.0000,0.0000,0.0000,0.0500,0.0000
  5301,0.0000,0.0000,0.0000,0.0500,0.0000
  5302,0.0000,0.0000,0.0000,0.0500,0.0000
  5303,0.0000,0.0000,0.0000,0.0500,0.0000
  5304,0.0000,0.0000,0.0000,0.0500,0.0000
  5305,0.0000,0.0000,0.0000,0.0500,0.0000
  5306,0.0000,0.0000,0.0000,0.0500,0.0000
  5307,0.0000,0.0000,0.0000,0.0500,0.0000
  5308,0.0000,0.0000,0.0000,0.0500,0.0000
  5309,0.0000,0.0000,0.0000,0.0500,0.0000
  5310,0.0000,0.0000,0.0000,0.0500,0.0000
  5311,0.0000,0.0000,0.0000,0.0500,0.0000
  5312,0.0000,0.0000,0.0000,0.0500,0.0000
  5313,0.0000,0.0000,0.0000,0.0500,0.0000
  5314,0.0000,0.0000,0.0000,0.0500,0.0000
  5315,0.0000,0.0000,0.0000,0.0500,0.0000
  5316,0.0000,0.0000,0.0000,0.0500,0.0000
  5317,0.0000,0.0000,0.0000,0.0500,0.0000
  5318,0.0000,0.0000,0.0000,0.0500,0.0000
  5319,0.0000,0.0000,0.0000,0.0500,0.0000
  5320,0.0000,0.0000,0.0000,0.0500,0.0000
  5321,0.0000,0.0000,0.0000,0.0100,0.0000
  5322,0.0000,0.0000,0.0000,0.0500,0.0000
  5323,0.0000,0.0000,0.0000,0.0500,0.0000
  5324,0.0000,0.0000,0.0000,0.0500,0.0000
  5325,0.0000,0.0000,0.0000,0.0500,0.0000
  5326,0.0000,0.0000,0.0000,0.0500,0.0000
  5327,0.0000,0.0000,0.0000,0.0500,0.0000
  5328,0.0000,0.0000,0.0000,0.0500,0.0000
  5329,0.0000,0.0000,0.0000,0.0500,0.0000
  5330,0.0000,0.0000,0.0000,0.0500,0.0000
  5331,0.0000,0.0000,0.0000,0.0500,0.0000
  5332,0.0000,0.0000,0.0000,0.0500,0.0000
  5333,0.0000,0.0000,0.0000,0.0500,0.0000
  5334,0.0000,0.0000,0.0000,0.0500,0.0000
  5335,0.0000,0.0000,0.0000,0.0500,0.0000
  5336,0.0000,0.0000,0.0000,0.0500,0.0000
  5337,0.0000,0.0000,0.0000,0.0500,0.0000
  5338,0.0000,0.0000,0.0000,0.0000,0.1608
  5339,0.0000,0.0000,0.0000,0.0000,0.1658
  5340,0.0000,0.0000,0.0000,0.0000,28.9785
  5341,0.0000,0.0000,0.0000,0.0000,5.8475
  5342,0.0000,0.0000,0.0000,0.0000,0.0000
  5343,0.0000,0.0000,0.0000,0.0000,0.0000
  5344,0.0000,0.0000,0.0000,0.0000,0.0927
  5345,611.3926,611.3926,0.0000,0.0000,0.0000
  5346,487.3306,487.3306,0.0000,0.0000,0.0000
  5347,0.0000,0.0000,0.0000,0.0000,0.0130
  5348,0.0000,0.0000,0.0000,0.0000,0.0000
  5349,0.0000,0.0000,0.0000,0.0000,0.0000
  5350,0.0000,0.0000,0.0000,0.3000,0.0100
  5351,0.0000,0.0000,0.0000,0.3500,0.0100
  5352,0.0000,0.0000,0.0000,0.3000,0.0100
  5353,0.0000,0.0000,0.0000,0.2500,0.0100
  5354,0.0000,0.0000,0.0000,0.2500,5.9753
  5355,17478.3860,17478.3860,0.0000,0.0000,0.0000
  5356,17788.4111,17788.4111,0.0000,0.0000,0.0000
  5357,17679.8102,17679.8102,0.0000,0.0000,0.0000
  5358,17628.3375,17628.3375,0.0000,0.0000,0.0000
  5359,17726.0315,17726.0315,0.0000,0.0000,0.0000
  5360,17673.6092,17673.6092,0.0000,0.0000,0.0000
  5361,17693.8796,17693.8796,0.0000,0.0000,0.0000
  5362,10969.2560,10969.2560,0.0000,0.0000,0.0000
  5363,17822.8090,17822.8090,0.0000,0.0000,0.0000
  5364,17804.8344,17804.8344,0.0000,0.0000,0.0000
  5365,17816.9882,17816.9882,0.0000,0.0000,0.0000
  5366,0.0000,0.0000,0.0000,0.3500,0.0100
  5367,0.0000,0.0000,0.0000,0.3500,0.0100
  5368,0.0000,0.0000,0.0000,0.3000,0.0100
  5369,0.0000,0.0000,0.0000,0.3500,0.0100
  5370,0.0000,0.0000,0.0000,0.3000,0.0100
  5371,0.0000,0.0000,0.0000,0.2000,3.8095
  5372,0.0000,0.0000,0.0000,0.2500,5.7483
  5373,0.0000,0.0000,0.0000,0.1500,3.5017
  5374,0.0000,0.0000,0.0000,0.2000,0.0103
  5375,0.0000,0.0000,0.0000,0.2000,4.8276
  5376,0.0000,0.0000,0.0000,0.3000,7.4956
  5377,17565.3139,17565.3139,0.0000,0.0000,0.0000
  5378,0.0000,0.0000,0.0000,1.0000,0.9999
  5379,0.0000,0.0000,0.0000,0.3000,7.4932
  5380,0.0000,0.0000,0.0000,0.0000,0.0112
  5381,0.0000,0.0000,0.0000,0.0500,0.0000
  5382,0.0000,0.0000,0.0000,0.0100,0.0000
  5383,0.0000,0.0000,0.0000,0.0500,0.0000
  5384,0.0000,0.0000,0.0000,0.0500,0.0000
  5385,0.0000,0.0000,0.0000,0.0500,0.0000
  5386,0.0000,0.0000,0.0000,0.0100,0.0000
  5387,0.0000,0.0000,0.0000,0.0100,0.0000
  5388,0.0000,0.0000,0.0000,0.0100,0.0000
  5389,0.0000,0.0000,0.0000,0.0100,0.0000
  5390,0.0000,0.0000,0.0000,0.0100,0.0000
  5391,0.0000,0.0000,0.0000,0.0100,0.0000
  5392,0.0000,0.0000,0.0000,0.0100,0.0000
  5393,0.0000,0.0000,0.0000,0.0100,0.0000
  5394,0.0000,0.0000,0.0000,0.0100,0.0000
  5395,0.0000,0.0000,0.0000,0.0000,0.0000
  5396,0.0000,0.0000,0.0000,0.0000,0.0000
  5397,0.0000,0.0000,0.0000,0.0000,0.0000
  5398,0.0000,0.0000,0.0000,0.0000,0.0000
  5399,0.0000,0.0000,0.0000,0.0100,0.0000
  5400,0.0000,0.0000,0.0000,0.0500,0.0000
  5401,0.0000,0.0000,0.0000,0.0100,0.0000
  5402,0.0000,0.0000,0.0000,0.0100,0.0000
  5403,0.0000,0.0000,0.0000,0.0500,0.0000
  5404,0.0000,0.0000,0.0000,0.0500,0.0000
  5405,0.0000,0.0000,0.0000,0.0500,0.0000
  5406,0.0000,0.0000,0.0000,0.0100,0.0000
  5407,0.0000,0.0000,0.0000,0.0500,0.0000
  5408,0.0000,0.0000,0.0000,0.0000,0.0000
  5409,0.0000,0.0000,0.0000,0.0000,0.0000
  5410,0.0000,0.0000,0.0000,0.0100,0.0000
  5411,0.0000,0.0000,0.0000,0.0100,0.0000
  5412,0.0000,0.0000,0.0000,0.0100,0.0000
  5413,0.0000,0.0000,0.0000,0.0000,0.0000
  5414,0.0000,0.0000,0.0000,0.0000,0.0000
  5415,0.0000,0.0000,0.0000,0.0500,0.0000
  5416,0.0000,0.0000,0.0000,0.0500,0.0000
  5417,0.0000,0.0000,0.0000,0.0500,0.0000
  5418,0.0000,0.0000,0.0000,0.0500,0.0000
  5419,0.0000,0.0000,0.0000,0.0500,0.0000
  5420,0.0000,0.0000,0.0000,0.0500,0.0000
  5421,0.0000,0.0000,0.0000,0.0500,0.0000
  5422,0.0000,0.0000,0.0000,0.0500,0.0000
  5423,0.0000,0.0000,0.0000,0.0500,0.0000
  5424,0.0000,0.0000,0.0000,0.0500,0.0000
  5425,0.0000,0.0000,0.0000,0.0500,0.0000
  5426,0.0000,0.0000,0.0000,0.0500,0.0000
  5427,0.0000,0.0000,0.0000,0.0500,0.0000
  5428,0.0000,0.0000,0.0000,0.0500,0.0000
  5429,0.0000,0.0000,0.0000,0.0500,0.0000
  5430,0.0000,0.0000,0.0000,0.0500,0.0000
  5431,0.0000,0.0000,0.0000,0.0500,0.0000
  5432,0.0000,0.0000,0.0000,0.0500,0.0000
  5433,0.0000,0.0000,0.0000,0.0500,0.0000
  5434,0.0000,0.0000,0.0000,0.0500,0.0000
  5435,0.0000,0.0000,0.0000,0.0500,0.0000
  5436,0.0000,0.0000,0.0000,0.0100,0.0000
  5437,0.0000,0.0000,0.0000,0.0100,0.0000
  5438,0.0000,0.0000,0.0000,0.0500,0.0000
  5439,0.0000,0.0000,0.0000,0.0100,0.0000
  5440,0.0000,0.0000,0.0000,0.0500,0.0000
  5441,0.0000,0.0000,0.0000,0.0500,0.0000
  5442,0.0000,0.0000,0.0000,0.0500,0.0000
  5443,0.0000,0.0000,0.0000,0.0500,0.0000
  5444,0.0000,0.0000,0.0000,0.0000,0.0100
  5445,0.0000,0.0000,0.0000,0.0000,0.0100
  5446,0.0000,0.0000,0.0000,0.0500,0.0000
  5447,0.0000,0.0000,0.0000,0.0000,0.0100
  5448,0.0000,0.0000,0.0000,0.0000,0.0112
  5449,0.0000,0.0000,0.0000,0.0000,0.0100
  5450,0.0000,0.0000,0.0000,0.0000,0.0520
  5451,0.0000,0.0000,0.0000,0.0000,0.0100
  5452,0.0000,0.0000,0.0000,0.0000,0.3673
  5453,0.0000,0.0000,0.0000,0.0000,44.9297
  5454,0.0000,0.0000,0.0000,0.0500,0.0000
  5455,0.0000,0.0000,0.0000,0.0500,0.0000
  5456,0.0000,0.0000,0.0000,0.0500,0.0000
  5457,0.0000,0.0000,0.0000,0.0500,0.0000
  5458,0.0000,0.0000,0.0000,0.0500,0.0000
  5459,0.0000,0.0000,0.0000,0.0500,0.0000
  5460,0.0000,0.0000,0.0000,0.0500,0.0000
  5461,0.0000,0.0000,0.0000,0.0500,0.0000
  5462,0.0000,0.0000,0.0000,0.0500,0.0000
  5463,0.0000,0.0000,0.0000,0.0000,0.0000
  5464,0.0000,0.0000,0.0000,0.0000,0.0000
  5465,0.0000,0.0000,0.0000,0.0000,0.0000
  5466,0.0000,0.0000,0.0000,0.0000,0.0000
  5467,0.0000,0.0000,0.0000,0.0000,0.0000
  5468,0.0000,0.0000,0.0000,0.0500,0.0000
  5469,0.0000,0.0000,0.0000,0.0100,0.0000
  5470,0.0000,0.0000,0.0000,0.0100,0.0000
  5471,0.0000,0.0000,0.0000,0.0000,0.0000
  5472,0.0000,0.0000,0.0000,0.0000,0.0000
  5473,0.0000,0.0000,0.0000,0.0000,0.0000
  5474,0.0000,0.0000,0.0000,0.0000,0.0000
  5475,0.0000,0.0000,0.0000,0.0100,0.0000
  5476,0.0000,0.0000,0.0000,0.0000,0.0000
  5477,0.0000,0.0000,0.0000,0.0000,0.0000
  5478,0.0000,0.0000,0.0000,0.0500,0.0000
  5479,0.0000,0.0000,0.0000,0.0100,0.0000
  5480,0.0000,0.0000,0.0000,0.0100,0.0000
  5481,0.0000,0.0000,0.0000,0.0500,0.0000
  5482,0.0000,0.0000,0.0000,0.0500,0.0000
  5483,0.0000,0.0000,0.0000,0.0000,3.1317
  5484,0.0000,0.0000,0.0000,0.0100,0.0000
  5485,0.0000,0.0000,0.0000,0.0500,0.0000
  5486,0.0000,0.0000,0.0000,0.0500,0.0000
  5487,0.0000,0.0000,0.0000,0.0500,0.0000
  5488,0.0000,0.0000,0.0000,0.0500,0.0000
  5489,0.0000,0.0000,0.0000,0.0500,0.0000
  5490,0.0000,0.0000,0.0000,0.0500,0.0000
  5491,0.0000,0.0000,0.0000,0.0500,0.0000
  5492,0.0000,0.0000,0.0000,0.0500,0.0000
  5493,0.0000,0.0000,0.0000,0.0500,0.0000
  5494,0.0000,0.0000,0.0000,0.0500,0.0000
  5495,0.0000,0.0000,0.0000,0.0500,0.0000
  5496,0.0000,0.0000,0.0000,0.0500,0.0000
  5497,0.0000,0.0000,0.0000,0.0500,0.0000
  5498,0.0000,0.0000,0.0000,0.0500,0.0000
  5499,0.0000,0.0000,0.0000,0.0500,0.0000
  5500,0.0000,0.0000,0.0000,0.0500,0.0000
  5501,0.0000,0.0000,0.0000,0.0500,0.0000
  5502,0.0000,0.0000,0.0000,0.0500,0.0000
  5503,0.0000,0.0000,0.0000,0.0500,0.0000
  5504,0.0000,0.0000,0.0000,0.0500,0.0000
  5505,0.0000,0.0000,0.0000,0.0500,0.0000
  5506,0.0000,0.0000,0.0000,0.0500,0.0000
  5507,0.0000,0.0000,0.0000,0.0500,0.0000
  5508,0.0000,0.0000,0.0000,0.0500,0.0000
  5509,0.0000,0.0000,0.0000,0.0500,0.0000
  5510,0.0000,0.0000,0.0000,0.0100,0.0000
  5511,0.0000,0.0000,0.0000,0.0100,0.0000
  5512,0.0000,0.0000,0.0000,0.0100,0.0000
  5513,0.0000,0.0000,0.0000,0.0500,0.0000
  5514,0.0000,0.0000,0.0000,0.0100,0.0000
  5515,0.0000,0.0000,0.0000,0.0500,0.0000
  5516,0.0000,0.0000,0.0000,0.0500,0.0000
  5517,0.0000,0.0000,0.0000,0.0100,0.0000
  5518,0.0000,0.0000,0.0000,0.0100,0.0000
  5519,0.0000,0.0000,0.0000,0.0100,0.0000
  5520,0.0000,0.0000,0.0000,0.0500,0.0000
  5521,0.0000,0.0000,0.0000,0.0500,0.0000
  5522,0.0000,0.0000,0.0000,0.0500,0.0000
  5523,0.0000,0.0000,0.0000,0.0500,0.0000
  5524,0.0000,0.0000,0.0000,0.0500,0.0000
  5525,0.0000,0.0000,0.0000,0.0500,0.0000
  5526,0.0000,0.0000,0.0000,0.0500,0.0000
  5527,0.0000,0.0000,0.0000,0.0500,0.0000
  5528,0.0000,0.0000,0.0000,0.0000,42.5524
  5529,0.0000,0.0000,0.0000,0.0000,0.8414
  5530,0.0000,0.0000,0.0000,0.0000,0.2859
  5531,0.0000,0.0000,0.0000,0.0000,22.7293
  5532,0.0000,0.0000,0.0000,0.0000,1.8742
  5533,0.0000,0.0000,0.0000,0.0000,0.0000
  5534,691.0308,691.0308,0.0000,0.0000,0.0000
  5535,478.0230,478.0230,0.0000,0.0000,0.0000
  5536,0.0000,0.0000,0.0000,0.0000,0.0141
  5537,0.0000,0.0000,0.0000,0.0000,0.0000
  5538,0.0000,0.0000,0.0000,0.0000,0.0000
  5539,0.0000,0.0000,0.0000,0.0000,0.0000
  5540,0.0000,0.0000,0.0000,0.4000,0.0100
  5541,0.0000,0.0000,0.0000,0.4000,0.0100
  5542,0.0000,0.0000,0.0000,0.3000,0.0100
  5543,0.0000,0.0000,0.0000,0.3500,0.0100
  5544,0.0000,0.0000,0.0000,0.2500,0.0104
  5545,0.0000,0.0000,0.0000,0.0000,0.0000
  5546,17303.8142,17303.8142,0.0000,0.0000,0.0000
  5547,17725.0584,17725.0584,0.0000,0.0000,0.0000
  5548,17767.2327,17767.2327,0.0000,0.0000,0.0000
  5549,17720.3202,17720.3202,0.0000,0.0000,0.0000
  5550,17736.0672,17736.0672,0.0000,0.0000,0.0000
  5551,17680.8682,17680.8682,0.0000,0.0000,0.0000
  5552,0.0000,0.0000,0.0000,0.0000,0.0000
  5553,17697.7266,17697.7266,0.0000,0.0000,0.0000
  5554,17668.4677,17668.4677,0.0000,0.0000,0.0000
  5555,17751.8673,17751.8673,0.0000,0.0000,0.0000
  5556,0.0000,0.0000,0.0000,0.3500,0.0100
  5557,0.0000,0.0000,0.0000,0.3500,0.0100
  5558,0.0000,0.0000,0.0000,0.3000,0.0100
  5559,0.0000,0.0000,0.0000,0.3000,0.0100
  5560,0.0000,0.0000,0.0000,0.2500,0.0103
  5561,0.0000,0.0000,0.0000,0.2500,6.1877
  5562,0.0000,0.0000,0.0000,0.0000,0.0000
  5563,0.0000,0.0000,0.0000,0.0000,0.0000
  5564,0.0000,0.0000,0.0000,0.0000,0.0000
  5565,0.0000,0.0000,0.0000,0.0000,0.0000
  5566,0.0000,0.0000,0.0000,0.0000,0.0000
  5567,0.0000,0.0000,0.0000,0.0000,0.0000
  5568,0.0000,0.0000,0.0000,0.0000,0.0000
  5569,0.0000,0.0000,0.0000,0.0000,0.0101
  5570,0.0000,0.0000,0.0000,0.0500,0.0000
  5571,0.0000,0.0000,0.0000,0.0500,0.0000
  5572,0.0000,0.0000,0.0000,0.0100,0.0000
  5573,0.0000,0.0000,0.0000,0.0100,0.0000
  5574,0.0000,0.0000,0.0000,0.0500,0.0000
  5575,0.0000,0.0000,0.0000,0.0100,0.0000
  5576,0.0000,0.0000,0.0000,0.0100,0.0000
  5577,0.0000,0.0000,0.0000,0.0100,0.0000
  5578,0.0000,0.0000,0.0000,0.0100,0.0000
  5579,0.0000,0.0000,0.0000,0.0000,0.0000
  5580,0.0000,0.0000,0.0000,0.0000,0.0000
  5581,0.0000,0.0000,0.0000,0.0000,0.0000
  5582,0.0000,0.0000,0.0000,0.0000,0.0000
  5583,0.0000,0.0000,0.0000,0.0000,0.0000
  5584,0.0000,0.0000,0.0000,0.0000,0.0000
  5585,0.0000,0.0000,0.0000,0.0000,0.0000
  5586,0.0000,0.0000,0.0000,0.0100,0.0000
  5587,0.0000,0.0000,0.0000,0.0100,0.0000
  5588,0.0000,0.0000,0.0000,0.0100,0.0000
  5589,0.0000,0.0000,0.0000,0.0100,0.0000
  5590,0.0000,0.0000,0.0000,0.0000,0.0000
  5591,0.0000,0.0000,0.0000,0.0500,0.0000
  5592,0.0000,0.0000,0.0000,0.0000,0.0000
  5593,0.0000,0.0000,0.0000,0.0000,0.0000
  5594,0.0000,0.0000,0.0000,0.0100,0.0000
  5595,0.0000,0.0000,0.0000,0.0500,0.0000
  5596,0.0000,0.0000,0.0000,0.0500,0.0000
  5597,0.0000,0.0000,0.0000,0.0000,0.0000
  5598,0.0000,0.0000,0.0000,0.0500,0.0000
  5599,0.0000,0.0000,0.0000,0.0000,0.0000
  5600,0.0000,0.0000,0.0000,0.0100,0.0000
  5601,0.0000,0.0000,0.0000,0.0100,0.0000
  5602,0.0000,0.0000,0.0000,0.0100,0.0000
  5603,0.0000,0.0000,0.0000,0.0000,0.0000
  5604,0.0000,0.0000,0.0000,0.0000,0.0000
  5605,0.0000,0.0000,0.0000,0.0000,0.0000
  5606,0.0000,0.0000,0.0000,0.0500,0.0000
  5607,0.0000,0.0000,0.0000,0.0500,0.0000
  5608,0.0000,0.0000,0.0000,0.0500,0.0000
  5609,0.0000,0.0000,0.0000,0.0500,0.0000
  5610,0.0000,0.0000,0.0000,0.0500,0.0000
  5611,0.0000,0.0000,0.0000,0.0500,0.0000
  5612,0.0000,0.0000,0.0000,0.0500,0.0000
  5613,0.0000,0.0000,0.0000,0.0500,0.0000
  5614,0.0000,0.0000,0.0000,0.0500,0.0000
  5615,0.0000,0.0000,0.0000,0.0500,0.0000
  5616,0.0000,0.0000,0.0000,0.0500,0.0000
  5617,0.0000,0.0000,0.0000,0.0500,0.0000
  5618,0.0000,0.0000,0.0000,0.0500,0.0000
  5619,0.0000,0.0000,0.0000,0.0500,0.0000
  5620,0.0000,0.0000,0.0000,0.0500,0.0000
  5621,0.0000,0.0000,0.0000,0.0500,0.0000
  5622,0.0000,0.0000,0.0000,0.0500,0.0000
  5623,0.0000,0.0000,0.0000,0.0500,0.0000
  5624,0.0000,0.0000,0.0000,0.0500,0.0000
  5625,0.0000,0.0000,0.0000,0.0500,0.0000
  5626,0.0000,0.0000,0.0000,0.0100,0.0000
  5627,0.0000,0.0000,0.0000,0.0100,0.0000
  5628,0.0000,0.0000,0.0000,0.0100,0.0000
  5629,0.0000,0.0000,0.0000,0.0500,0.0000
  5630,0.0000,0.0000,0.0000,0.0500,0.0000
  5631,0.0000,0.0000,0.0000,0.0500,0.0000
  5632,0.0000,0.0000,0.0000,0.0500,0.0000
  5633,0.0000,0.0000,0.0000,0.0500,0.0000
  5634,0.0000,0.0000,0.0000,0.0500,0.0000
  5635,0.0000,0.0000,0.0000,0.0500,0.0000
  5636,0.0000,0.0000,0.0000,0.0500,0.0000
  5637,0.0000,0.0000,0.0000,0.0500,0.0000
  5638,0.0000,0.0000,0.0000,0.0000,0.0101
  5639,0.0000,0.0000,0.0000,0.0000,0.0113
  5640,0.0000,0.0000,0.0000,0.0000,0.0100
  5641,0.0000,0.0000,0.0000,0.0000,0.0100
  5642,0.0000,0.0000,0.0000,0.0500,0.0000
  5643,0.0000,0.0000,0.0000,0.0000,0.5322
  5644,0.0000,0.0000,0.0000,0.0000,43.2804
  5645,0.0000,0.0000,0.0000,0.0000,0.0115
  5646,0.0000,0.0000,0.0000,0.0000,0.0937
  5647,0.0000,0.0000,0.0000,0.0500,0.0000
  5648,0.0000,0.0000,0.0000,0.0500,0.0000
  5649,0.0000,0.0000,0.0000,0.0500,0.0000
  5650,0.0000,0.0000,0.0000,0.0500,0.0000
  5651,0.0000,0.0000,0.0000,0.0500,0.0000
  5652,0.0000,0.0000,0.0000,0.0500,0.0000
  5653,0.0000,0.0000,0.0000,0.0500,0.0000
  5654,0.0000,0.0000,0.0000,0.0500,0.0000
  5655,0.0000,0.0000,0.0000,0.0500,0.0000
  5656,0.0000,0.0000,0.0000,0.0000,0.0000
  5657,0.0000,0.0000,0.0000,0.0000,0.0000
  5658,0.0000,0.0000,0.0000,0.0000,0.0000
  5659,0.0000,0.0000,0.0000,0.0000,0.0000
  5660,0.0000,0.0000,0.0000,0.0000,0.0000
  5661,0.0000,0.0000,0.0000,0.0000,0.0000
  5662,0.0000,0.0000,0.0000,0.0000,0.0000
  5663,0.0000,0.0000,0.0000,0.0000,0.0000
  5664,0.0000,0.0000,0.0000,0.0000,0.0000
  5665,0.0000,0.0000,0.0000,0.0000,0.0000
  5666,0.0000,0.0000,0.0000,0.0000,0.0000
  5667,0.0000,0.0000,0.0000,0.0000,0.0000
  5668,0.0000,0.0000,0.0000,0.0000,0.0000
  5669,0.0000,0.0000,0.0000,0.0000,0.0000
  5670,0.0000,0.0000,0.0000,0.0100,0.0000
  5671,0.0000,0.0000,0.0000,0.0000,0.0000
  5672,0.0000,0.0000,0.0000,0.0100,0.0000
  5673,0.0000,0.0000,0.0000,0.0000,0.0000
  5674,0.0000,0.0000,0.0000,0.0100,0.0000
  5675,0.0000,0.0000,0.0000,0.0000,0.0000
  5676,0.0000,0.0000,0.0000,0.0000,28.3901
  5677,0.0000,0.0000,0.0000,0.0100,0.0000
  5678,0.0000,0.0000,0.0000,0.0100,0.0000
  5679,0.0000,0.0000,0.0000,0.0100,0.0000
  5680,0.0000,0.0000,0.0000,0.0500,0.0000
  5681,0.0000,0.0000,0.0000,0.0500,0.0000
  5682,0.0000,0.0000,0.0000,0.0500,0.0000
  5683,0.0000,0.0000,0.0000,0.0500,0.0000
  5684,0.0000,0.0000,0.0000,0.0500,0.0000
  5685,0.0000,0.0000,0.0000,0.0500,0.0000
  5686,0.0000,0.0000,0.0000,0.0500,0.0000
  5687,0.0000,0.0000,0.0000,0.0500,0.0000
  5688,0.0000,0.0000,0.0000,0.0500,0.0000
  5689,0.0000,0.0000,0.0000,0.0500,0.0000
  5690,0.0000,0.0000,0.0000,0.0500,0.0000
  5691,0.0000,0.0000,0.0000,0.0500,0.0000
  5692,0.0000,0.0000,0.0000,0.0500,0.0000
  5693,0.0000,0.0000,0.0000,0.0500,0.0000
  5694,0.0000,0.0000,0.0000,0.0500,0.0000
  5695,0.0000,0.0000,0.0000,0.0500,0.0000
  5696,0.0000,0.0000,0.0000,0.0500,0.0000
  5697,0.0000,0.0000,0.0000,0.0500,0.0000
  5698,0.0000,0.0000,0.0000,0.0500,0.0000
  5699,0.0000,0.0000,0.0000,0.0500,0.0000
  5700,0.0000,0.0000,0.0000,0.0500,0.0000
  5701,0.0000,0.0000,0.0000,0.0500,0.0000
  5702,0.0000,0.0000,0.0000,0.0500,0.0000
  5703,0.0000,0.0000,0.0000,0.0500,0.0000
  5704,0.0000,0.0000,0.0000,0.0500,0.0000
  5705,0.0000,0.0000,0.0000,0.0500,0.0000
  5706,0.0000,0.0000,0.0000,0.0500,0.0000
  5707,0.0000,0.0000,0.0000,0.0100,0.0000
  5708,0.0000,0.0000,0.0000,0.0100,0.0000
  5709,0.0000,0.0000,0.0000,0.0500,0.0000
  5710,0.0000,0.0000,0.0000,0.0100,0.0000
  5711,0.0000,0.0000,0.0000,0.0100,0.0000
  5712,0.0000,0.0000,0.0000,0.0500,0.0000
  5713,0.0000,0.0000,0.0000,0.0500,0.0000
  5714,0.0000,0.0000,0.0000,0.0500,0.0000
  5715,0.0000,0.0000,0.0000,0.0500,0.0000
  5716,0.0000,0.0000,0.0000,0.0500,0.0000
  5717,0.0000,0.0000,0.0000,0.0500,0.0000
  5718,0.0000,0.0000,0.0000,0.0500,0.0000
  5719,0.0000,0.0000,0.0000,0.0500,0.0000
  5720,0.0000,0.0000,0.0000,0.0500,0.0000
  5721,0.0000,0.0000,0.0000,0.0500,0.0000
  5722,0.0000,0.0000,0.0000,0.0500,0.0000
  5723,0.0000,0.0000,0.0000,0.0500,0.0000
  5724,0.0000,0.0000,0.0000,0.0500,0.0000
  5725,0.0000,0.0000,0.0000,0.0500,0.0000
  5726,0.0000,0.0000,0.0000,0.0500,0.0000
  5727,0.0000,0.0000,0.0000,0.0500,0.0000
  5728,0.0000,0.0000,0.0000,0.0000,25.5010
  5729,0.0000,0.0000,0.0000,0.0000,0.4874
  5730,1129.8491,1129.8491,0.0000,0.0000,0.0000
  5731,0.0000,0.0000,0.0000,0.0000,3.1902
  5732,2546.5253,2546.5253,0.0000,0.0000,0.0000
  5733,797.3184,797.3184,0.0000,0.0000,0.0000
  5734,0.0000,0.0000,0.0000,0.0000,0.0403
  5735,0.0000,0.0000,0.0000,0.0000,0.0000
  5736,0.0000,0.0000,0.0000,0.0000,0.0000
  5737,0.0000,0.0000,0.0000,0.0000,0.0000
  5738,0.0000,0.0000,0.0000,0.3500,0.0100
  5739,0.0000,0.0000,0.0000,0.3500,0.0100
  5740,0.0000,0.0000,0.0000,0.3000,0.0100
  5741,0.0000,0.0000,0.0000,0.0000,0.0000
  5742,15137.9023,15137.9023,0.0000,0.0000,0.0000
  5743,17195.7455,17195.7455,0.0000,0.0000,0.0000
  5744,17708.5920,17708.5920,0.0000,0.0000,0.0000
  5745,17751.3020,17751.3020,0.0000,0.0000,0.0000
  5746,17753.6995,17753.6995,0.0000,0.0000,0.0000
  5747,17750.1521,17750.1521,0.0000,0.0000,0.0000
  5748,17740.4883,17740.4883,0.0000,0.0000,0.0000
  5749,0.0000,0.0000,0.0000,0.0000,0.0000
  5750,0.0000,0.0000,0.0000,0.0000,0.0000
  5751,0.0000,0.0000,0.0000,0.0000,0.0000
  5752,0.0000,0.0000,0.0000,0.0000,0.0000
  5753,0.0000,0.0000,0.0000,0.0000,0.0000
  5754,17607.8523,17607.8523,0.0000,0.0000,0.0000
  5755,0.0000,0.0000,0.0000,0.3000,0.0100
  5756,0.0000,0.0000,0.0000,0.3000,0.0100
  5757,0.0000,0.0000,0.0000,0.2500,0.0103
  5758,0.0000,0.0000,0.0000,0.2500,0.0102
  5759,0.0000,0.0000,0.0000,0.2500,6.2309
  5760,0.0000,0.0000,0.0000,0.0000,0.0000
  5761,0.0000,0.0000,0.0000,0.0000,0.0000
  5762,0.0000,0.0000,0.0000,0.0000,0.0000
  5763,0.0000,0.0000,0.0000,0.0000,0.0000
  5764,0.0000,0.0000,0.0000,1.0000,0.8146
  5765,0.0000,0.0000,0.0000,0.0000,0.0000
  5766,0.0000,0.0000,0.0000,0.0000,0.0000
  5767,17727.0436,17727.0436,0.0000,0.0000,0.0000
  5768,0.0000,0.0000,0.0000,0.0000,0.0000
  5769,0.0000,0.0000,0.0000,0.0000,0.0000
  5770,0.0000,0.0000,0.0000,0.0000,0.0101
  5771,0.0000,0.0000,0.0000,0.0100,0.0000
  5772,0.0000,0.0000,0.0000,0.0100,0.0000
  5773,0.0000,0.0000,0.0000,0.0000,0.0000
  5774,0.0000,0.0000,0.0000,0.0100,0.0000
  5775,0.0000,0.0000,0.0000,0.0000,0.0000
  5776,0.0000,0.0000,0.0000,0.0100,0.0000
  5777,0.0000,0.0000,0.0000,0.0100,0.0000
  5778,0.0000,0.0000,0.0000,0.0100,0.0000
  5779,0.0000,0.0000,0.0000,0.0000,0.0000
  5780,0.0000,0.0000,0.0000,0.0000,0.0000
  5781,0.0000,0.0000,0.0000,0.0000,0.0000
  5782,0.0000,0.0000,0.0000,0.0000,0.0000
  5783,0.0000,0.0000,0.0000,0.0000,0.0000
  5784,0.0000,0.0000,0.0000,0.0100,0.0000
  5785,0.0000,0.0000,0.0000,0.0000,0.0000
  5786,0.0000,0.0000,0.0000,0.0100,0.0000
  5787,0.0000,0.0000,0.0000,0.0100,0.0000
  5788,0.0000,0.0000,0.0000,0.0100,0.0000
  5789,0.0000,0.0000,0.0000,0.0000,0.0000
  5790,0.0000,0.0000,0.0000,0.0100,0.0000
  5791,0.0000,0.0000,0.0000,0.0000,0.0000
  5792,0.0000,0.0000,0.0000,0.0000,0.0000
  5793,0.0000,0.0000,0.0000,0.0100,0.0000
  5794,0.0000,0.0000,0.0000,0.0100,0.0000
  5795,0.0000,0.0000,0.0000,0.0100,0.0000
  5796,0.0000,0.0000,0.0000,0.0000,0.0000
  5797,0.0000,0.0000,0.0000,0.0500,0.0000
  5798,0.0000,0.0000,0.0000,0.0100,0.0000
  5799,0.0000,0.0000,0.0000,0.0000,0.0000
  5800,0.0000,0.0000,0.0000,0.0000,0.0000
  5801,0.0000,0.0000,0.0000,0.0500,0.0000
  5802,0.0000,0.0000,0.0000,0.0100,0.0000
  5803,0.0000,0.0000,0.0000,0.0100,0.0000
  5804,0.0000,0.0000,0.0000,0.0000,0.0100
  5805,0.0000,0.0000,0.0000,0.0000,0.0000
  5806,0.0000,0.0000,0.0000,0.0100,0.0000
  5807,0.0000,0.0000,0.0000,0.0000,0.0000
  5808,0.0000,0.0000,0.0000,0.0100,0.0000
  5809,0.0000,0.0000,0.0000,0.0000,0.0000
  5810,0.0000,0.0000,0.0000,0.0100,0.0000
  5811,0.0000,0.0000,0.0000,0.0100,0.0000
  5812,0.0000,0.0000,0.0000,0.0100,0.0000
  5813,0.0000,0.0000,0.0000,0.0100,0.0000
  5814,0.0000,0.0000,0.0000,0.0500,0.0000
  5815,0.0000,0.0000,0.0000,0.0500,0.0000
  5816,0.0000,0.0000,0.0000,0.0500,0.0000
  5817,0.0000,0.0000,0.0000,0.0500,0.0000
  5818,0.0000,0.0000,0.0000,0.0500,0.0000
  5819,0.0000,0.0000,0.0000,0.0500,0.0000
  5820,0.0000,0.0000,0.0000,0.0100,0.0000
  5821,0.0000,0.0000,0.0000,0.0500,0.0000
  5822,0.0000,0.0000,0.0000,0.0500,0.0000
  5823,0.0000,0.0000,0.0000,0.0500,0.0000
  5824,0.0000,0.0000,0.0000,0.0500,0.0000
  5825,0.0000,0.0000,0.0000,0.0500,0.0000
  5826,0.0000,0.0000,0.0000,0.0500,0.0000
  5827,0.0000,0.0000,0.0000,0.0500,0.0000
  5828,0.0000,0.0000,0.0000,0.0500,0.0000
  5829,0.0000,0.0000,0.0000,0.0100,0.0000
  5830,0.0000,0.0000,0.0000,0.0100,0.0000
  5831,0.0000,0.0000,0.0000,0.0100,0.0000
  5832,0.0000,0.0000,0.0000,0.0100,0.0000
  5833,0.0000,0.0000,0.0000,0.0100,0.0000
  5834,0.0000,0.0000,0.0000,0.0500,0.0000
  5835,0.0000,0.0000,0.0000,0.0000,0.0102
  5836,0.0000,0.0000,0.0000,0.0500,0.0000
  5837,0.0000,0.0000,0.0000,0.0500,0.0000
  5838,0.0000,0.0000,0.0000,0.0500,0.0000
  5839,0.0000,0.0000,0.0000,0.0500,0.0000
  5840,0.0000,0.0000,0.0000,0.0500,0.0000
  5841,0.0000,0.0000,0.0000,0.0500,0.0000
  5842,0.0000,0.0000,0.0000,0.0500,0.0000
  5843,0.0000,0.0000,0.0000,0.0500,0.0000
  5844,0.0000,0.0000,0.0000,0.0500,0.0000
  5845,0.0000,0.0000,0.0000,0.0500,0.0000
  5846,0.0000,0.0000,0.0000,0.0000,0.0103
  5847,0.0000,0.0000,0.0000,0.0100,0.0000
  5848,0.0000,0.0000,0.0000,0.0500,0.0000
  5849,0.0000,0.0000,0.0000,0.0500,0.0000
  5850,0.0000,0.0000,0.0000,0.0000,46.5760
  5851,0.0000,0.0000,0.0000,0.0000,0.0108
  5852,0.0000,0.0000,0.0000,0.0000,0.0197
  5853,0.0000,0.0000,0.0000,0.0100,0.0000
  5854,0.0000,0.0000,0.0000,0.0000,43.5549
  5855,0.0000,0.0000,0.0000,0.0000,49.5505
  5856,0.0000,0.0000,0.0000,0.0500,0.0000
  5857,0.0000,0.0000,0.0000,0.0500,0.0000
  5858,0.0000,0.0000,0.0000,0.0500,0.0000
  5859,0.0000,0.0000,0.0000,0.0500,0.0000
  5860,0.0000,0.0000,0.0000,0.0500,0.0000
  5861,0.0000,0.0000,0.0000,0.0500,0.0000
  5862,0.0000,0.0000,0.0000,0.0100,0.0000
  5863,0.0000,0.0000,0.0000,0.0100,0.0000
  5864,0.0000,0.0000,0.0000,0.0100,0.0000
  5865,0.0000,0.0000,0.0000,0.0000,0.0000
  5866,0.0000,0.0000,0.0000,0.0000,0.0000
  5867,0.0000,0.0000,0.0000,0.0000,0.0000
  5868,0.0000,0.0000,0.0000,0.0000,0.0000
  5869,0.0000,0.0000,0.0000,0.0000,0.0000
  5870,0.0000,0.0000,0.0000,0.0000,0.0000
  5871,0.0000,0.0000,0.0000,0.0000,0.0000
  5872,0.0000,0.0000,0.0000,0.0000,0.0000
  5873,0.0000,0.0000,0.0000,0.0000,0.0000
  5874,0.0000,0.0000,0.0000,0.0100,0.0000
  5875,0.0000,0.0000,0.0000,0.0000,0.0000
  5876,0.0000,0.0000,0.0000,0.0000,0.0000
  5877,0.0000,0.0000,0.0000,0.0000,0.0000
  5878,0.0000,0.0000,0.0000,0.0000,0.0000
  5879,0.0000,0.0000,0.0000,0.0000,0.0000
  5880,0.0000,0.0000,0.0000,0.0100,0.0000
  5881,0.0000,0.0000,0.0000,0.0000,0.0000
  5882,0.0000,0.0000,0.0000,0.0100,0.0000
  5883,0.0000,0.0000,0.0000,0.0100,0.0000
  5884,0.0000,0.0000,0.0000,0.0000,0.0000
  5885,0.0000,0.0000,0.0000,0.0100,0.0000
  5886,0.0000,0.0000,0.0000,0.0000,35.0773
  5887,0.0000,0.0000,0.0000,0.0100,0.0000
  5888,0.0000,0.0000,0.0000,0.0100,0.0000
  5889,0.0000,0.0000,0.0000,0.0100,0.0000
  5890,0.0000,0.0000,0.0000,0.0500,0.0000
  5891,0.0000,0.0000,0.0000,0.0500,0.0000
  5892,0.0000,0.0000,0.0000,0.0500,0.0000
  5893,0.0000,0.0000,0.0000,0.0500,0.0000
  5894,0.0000,0.0000,0.0000,0.0500,0.0000
  5895,0.0000,0.0000,0.0000,0.0500,0.0000
  5896,0.0000,0.0000,0.0000,0.0500,0.0000
  5897,0.0000,0.0000,0.0000,0.0500,0.0000
  5898,0.0000,0.0000,0.0000,0.0100,0.0000
  5899,0.0000,0.0000,0.0000,0.0500,0.0000
  5900,0.0000,0.0000,0.0000,0.0500,0.0000
  5901,0.0000,0.0000,0.0000,0.0500,0.0000
  5902,0.0000,0.0000,0.0000,0.0500,0.0000
  5903,0.0000,0.0000,0.0000,0.0500,0.0000
  5904,0.0000,0.0000,0.0000,0.0500,0.0000
  5905,0.0000,0.0000,0.0000,0.0500,0.0000
  5906,0.0000,0.0000,0.0000,0.0500,0.0000
  5907,0.0000,0.0000,0.0000,0.0500,0.0000
  5908,0.0000,0.0000,0.0000,0.0500,0.0000
  5909,0.0000,0.0000,0.0000,0.0500,0.0000
  5910,0.0000,0.0000,0.0000,0.0500,0.0000
  5911,0.0000,0.0000,0.0000,0.0500,0.0000
  5912,0.0000,0.0000,0.0000,0.0500,0.0000
  5913,0.0000,0.0000,0.0000,0.0500,0.0000
  5914,0.0000,0.0000,0.0000,0.0500,0.0000
  5915,0.0000,0.0000,0.0000,0.0500,0.0000
  5916,0.0000,0.0000,0.0000,0.0500,0.0000
  5917,0.0000,0.0000,0.0000,0.0100,0.0000
  5918,0.0000,0.0000,0.0000,0.0500,0.0000
  5919,0.0000,0.0000,0.0000,0.0500,0.0000
  5920,0.0000,0.0000,0.0000,0.0500,0.0000
  5921,0.0000,0.0000,0.0000,0.0500,0.0000
  5922,0.0000,0.0000,0.0000,0.0500,0.0000
  5923,0.0000,0.0000,0.0000,0.0500,0.0000
  5924,0.0000,0.0000,0.0000,0.0500,0.0000
  5925,0.0000,0.0000,0.0000,0.0500,0.0000
  5926,0.0000,0.0000,0.0000,0.0500,0.0000
  5927,0.0000,0.0000,0.0000,0.0500,0.0000
  5928,0.0000,0.0000,0.0000,0.0500,0.0000
  5929,0.0000,0.0000,0.0000,0.0500,0.0000
  5930,0.0000,0.0000,0.0000,0.0500,0.0000
  5931,0.0000,0.0000,0.0000,0.0500,0.0000
  5932,0.0000,0.0000,0.0000,0.0500,0.0000
  5933,0.0000,0.0000,0.0000,0.0500,0.0000
  5934,0.0000,0.0000,0.0000,0.0500,0.0000
  5935,0.0000,0.0000,0.0000,0.0500,0.0000
  5936,0.0000,0.0000,0.0000,0.0000,19.4710
  5937,0.0000,0.0000,0.0000,0.0500,0.0000
  5938,0.0000,0.0000,0.0000,0.0000,25.3816
  5939,0.0000,0.0000,0.0000,0.0000,8.6894
  5940,1973.9692,1973.9692,0.0000,0.0000,0.0000
  5941,2397.4884,2397.4884,0.0000,0.0000,0.0000
  5942,3722.0892,3722.0892,0.0000,0.0000,0.0000
  5943,6066.0686,6066.0686,0.0000,0.0000,0.0000
  5944,3353.8473,3353.8473,0.0000,0.0000,0.0000
  5945,4501.0214,4501.0214,0.0000,0.0000,0.0000
  5946,3106.2579,3106.2579,0.0000,0.0000,0.0000
  5947,0.0000,0.0000,0.0000,0.0000,0.0000
  5948,0.0000,0.0000,0.0000,0.0000,0.0000
  5949,0.0000,0.0000,0.0000,0.0000,0.0000
  5950,0.0000,0.0000,0.0000,0.3000,0.0100
  5951,0.0000,0.0000,0.0000,0.0000,0.0000
  5952,0.0000,0.0000,0.0000,0.3000,0.0100
  5953,0.0000,0.0000,0.0000,0.0000,0.0000
  5954,17657.9952,17657.9952,0.0000,0.0000,0.0000
  5955,17851.8432,17851.8432,0.0000,0.0000,0.0000
  5956,17894.2995,17894.2995,0.0000,0.0000,0.0000
  5957,17649.2923,17649.2923,0.0000,0.0000,0.0000
  5958,17739.9818,17739.9818,0.0000,0.0000,0.0000
  5959,17897.6201,17897.6201,0.0000,0.0000,0.0000
  5960,17730.0899,17730.0899,0.0000,0.0000,0.0000
  5961,0.0000,0.0000,0.0000,0.0000,0.0000
  5962,0.0000,0.0000,0.0000,0.0000,0.0000
  5963,0.0000,0.0000,0.0000,0.0000,0.0000
  5964,0.0000,0.0000,0.0000,0.0000,0.0000
  5965,0.0000,0.0000,0.0000,0.0000,0.0000
  5966,0.0000,0.0000,0.0000,0.0000,0.0000
  5967,0.0000,0.0000,0.0000,0.0000,0.0000
  5968,17624.3121,17624.3121,0.0000,0.0000,0.0000
  5969,14883.7019,14883.7019,0.0000,0.0000,0.0000
  5970,0.0000,0.0000,0.0000,0.0000,0.0000
  5971,0.0000,0.0000,0.0000,0.0000,0.0000
  5972,0.0000,0.0000,0.0000,0.0000,0.0000
  5973,0.0000,0.0000,0.0000,0.0000,0.0000
  5974,0.0000,0.0000,0.0000,0.0000,0.0000
  5975,0.0000,0.0000,0.0000,0.0000,0.0000
  5976,0.0000,0.0000,0.0000,0.0000,0.0000
  5977,0.0000,0.0000,0.0000,0.0000,0.0000
  5978,0.0000,0.0000,0.0000,0.0000,0.0000
  5979,17899.2611,17899.2611,0.0000,0.0000,0.0000
  5980,0.0000,0.0000,0.0000,0.0000,0.0000
  5981,0.0000,0.0000,0.0000,0.0000,0.0000
  5982,0.0000,0.0000,0.0000,0.0000,0.0000
  5983,0.0000,0.0000,0.0000,0.0100,0.0000
  5984,0.0000,0.0000,0.0000,0.0000,0.0000
  5985,0.0000,0.0000,0.0000,0.0000,0.0000
  5986,0.0000,0.0000,0.0000,0.0000,0.0000
  5987,0.0000,0.0000,0.0000,0.0000,0.0000
  5988,0.0000,0.0000,0.0000,0.0000,0.0000
  5989,0.0000,0.0000,0.0000,0.0000,0.0000
  5990,0.0000,0.0000,0.0000,0.0000,0.0000
  5991,0.0000,0.0000,0.0000,0.0000,0.0000
  5992,0.0000,0.0000,0.0000,0.0100,0.0000
  5993,0.0000,0.0000,0.0000,0.0500,0.0000
  5994,0.0000,0.0000,0.0000,0.0000,0.0000
  5995,0.0000,0.0000,0.0000,0.0000,0.0000
  5996,0.0000,0.0000,0.0000,0.0500,0.0000
  5997,0.0000,0.0000,0.0000,0.0000,0.0000
  5998,0.0000,0.0000,0.0000,0.0100,0.0000
  5999,0.0000,0.0000,0.0000,0.0000,0.0000
  6000,0.0000,0.0000,0.0000,0.0100,0.0000
  6001,0.0000,0.0000,0.0000,0.0500,0.0000
  6002,0.0000,0.0000,0.0000,0.0100,0.0000
  6003,0.0000,0.0000,0.0000,0.0100,0.0000
  6004,0.0000,0.0000,0.0000,0.0100,0.0000
  6005,0.0000,0.0000,0.0000,0.0000,0.0000
  6006,0.0000,0.0000,0.0000,0.0100,0.0000
  6007,0.0000,0.0000,0.0000,0.0000,0.0000
  6008,0.0000,0.0000,0.0000,0.0100,0.0000
  6009,0.0000,0.0000,0.0000,0.0100,0.0000
  6010,0.0000,0.0000,0.0000,0.0100,0.0000
  6011,0.0000,0.0000,0.0000,0.0000,0.0000
  6012,0.0000,0.0000,0.0000,0.0500,0.0000
  6013,0.0000,0.0000,0.0000,0.0500,0.0000
  6014,0.0000,0.0000,0.0000,0.0100,0.0000
  6015,0.0000,0.0000,0.0000,0.0000,0.0000
  6016,0.0000,0.0000,0.0000,0.0000,0.0000
  6017,0.0000,0.0000,0.0000,0.0500,0.0000
  6018,0.0000,0.0000,0.0000,0.0000,0.0000
  6019,0.0000,0.0000,0.0000,0.0000,0.0100
  6020,0.0000,0.0000,0.0000,0.0000,3.5280
  6021,0.0000,0.0000,0.0000,0.0100,0.0000
  6022,0.0000,0.0000,0.0000,0.0000,0.0000
  6023,0.0000,0.0000,0.0000,0.0100,0.0000
  6024,0.0000,0.0000,0.0000,0.0100,0.0000
  6025,0.0000,0.0000,0.0000,0.0000,0.0000
  6026,0.0000,0.0000,0.0000,0.0500,0.0000
  6027,0.0000,0.0000,0.0000,0.0500,0.0000
  6028,0.0000,0.0000,0.0000,0.0500,0.0000
  6029,0.0000,0.0000,0.0000,0.0500,0.0000
  6030,0.0000,0.0000,0.0000,0.0500,0.0000
  6031,0.0000,0.0000,0.0000,0.0500,0.0000
  6032,0.0000,0.0000,0.0000,0.0100,0.0000
  6033,0.0000,0.0000,0.0000,0.0500,0.0000
  6034,0.0000,0.0000,0.0000,0.0500,0.0000
  6035,0.0000,0.0000,0.0000,0.0500,0.0000
  6036,0.0000,0.0000,0.0000,0.0500,0.0000
  6037,0.0000,0.0000,0.0000,0.0500,0.0000
  6038,0.0000,0.0000,0.0000,0.0100,0.0000
  6039,0.0000,0.0000,0.0000,0.0500,0.0000
  6040,0.0000,0.0000,0.0000,0.0500,0.0000
  6041,0.0000,0.0000,0.0000,0.0500,0.0000
  6042,0.0000,0.0000,0.0000,0.0500,0.0000
  6043,0.0000,0.0000,0.0000,0.0100,0.0000
  6044,0.0000,0.0000,0.0000,0.0100,0.0000
  6045,0.0000,0.0000,0.0000,0.0100,0.0000
  6046,0.0000,0.0000,0.0000,0.0100,0.0000
  6047,0.0000,0.0000,0.0000,0.0000,0.0102
  6048,0.0000,0.0000,0.0000,0.0000,0.0101
  6049,0.0000,0.0000,0.0000,0.0100,0.0000
  6050,0.0000,0.0000,0.0000,0.0100,0.0000
  6051,0.0000,0.0000,0.0000,0.0500,0.0000
  6052,0.0000,0.0000,0.0000,0.0500,0.0000
  6053,0.0000,0.0000,0.0000,0.0500,0.0000
  6054,0.0000,0.0000,0.0000,0.0500,0.0000
  6055,0.0000,0.0000,0.0000,0.0100,0.0000
  6056,0.0000,0.0000,0.0000,0.0500,0.0000
  6057,0.0000,0.0000,0.0000,0.0500,0.0000
  6058,0.0000,0.0000,0.0000,0.0500,0.0000
  6059,0.0000,0.0000,0.0000,0.0500,0.0000
  6060,0.0000,0.0000,0.0000,0.0500,0.0000
  6061,0.0000,0.0000,0.0000,0.0500,0.0000
  6062,0.0000,0.0000,0.0000,0.0500,0.0000
  6063,0.0000,0.0000,0.0000,0.0100,0.0000
  6064,0.0000,0.0000,0.0000,0.0100,0.0000
  6065,0.0000,0.0000,0.0000,0.0000,0.0106
  6066,0.0000,0.0000,0.0000,0.0000,0.0214
  6067,0.0000,0.0000,0.0000,0.0000,0.0103
  6068,0.0000,0.0000,0.0000,0.0000,37.5984
  6069,0.0000,0.0000,0.0000,0.0100,0.0000
  6070,0.0000,0.0000,0.0000,0.0000,0.0102
  6071,0.0000,0.0000,0.0000,0.0500,0.0000
  6072,0.0000,0.0000,0.0000,0.0500,0.0000
  6073,0.0000,0.0000,0.0000,0.0500,0.0000
  6074,0.0000,0.0000,0.0000,0.0500,0.0000
  6075,0.0000,0.0000,0.0000,0.0500,0.0000
  6076,0.0000,0.0000,0.0000,0.0100,0.0000
  6077,0.0000,0.0000,0.0000,0.0500,0.0000
  6078,0.0000,0.0000,0.0000,0.0500,0.0000
  6079,0.0000,0.0000,0.0000,0.0100,0.0000
  6080,0.0000,0.0000,0.0000,0.0000,0.0000
  6081,0.0000,0.0000,0.0000,0.0000,0.0000
  6082,0.0000,0.0000,0.0000,0.0500,0.0000
  6083,0.0000,0.0000,0.0000,0.0000,0.0000
  6084,0.0000,0.0000,0.0000,0.0000,0.0000
  6085,0.0000,0.0000,0.0000,0.0000,0.0000
  6086,0.0000,0.0000,0.0000,0.0000,0.0000
  6087,0.0000,0.0000,0.0000,0.0000,0.0000
  6088,0.0000,0.0000,0.0000,0.0000,0.0000
  6089,0.0000,0.0000,0.0000,0.0000,0.0000
  6090,0.0000,0.0000,0.0000,0.0000,0.0000
  6091,0.0000,0.0000,0.0000,0.0000,0.0000
  6092,0.0000,0.0000,0.0000,0.0000,0.0000
  6093,0.0000,0.0000,0.0000,0.0000,0.0000
  6094,0.0000,0.0000,0.0000,0.0000,0.0000
  6095,0.0000,0.0000,0.0000,0.0100,0.0000
  6096,0.0000,0.0000,0.0000,0.0000,0.0000
  6097,0.0000,0.0000,0.0000,0.0000,0.0000
  6098,0.0000,0.0000,0.0000,0.0100,0.0000
  6099,0.0000,0.0000,0.0000,0.0000,0.0000
  6100,0.0000,0.0000,0.0000,0.0100,0.0000
  6101,0.0000,0.0000,0.0000,0.0000,0.0000
  6102,0.0000,0.0000,0.0000,0.0000,42.6730
  6103,0.0000,0.0000,0.0000,0.0000,0.0100
  6104,0.0000,0.0000,0.0000,0.0100,0.0000
  6105,0.0000,0.0000,0.0000,0.0100,0.0000
  6106,0.0000,0.0000,0.0000,0.0100,0.0000
  6107,0.0000,0.0000,0.0000,0.0100,0.0000
  6108,0.0000,0.0000,0.0000,0.0500,0.0000
  6109,0.0000,0.0000,0.0000,0.0500,0.0000
  6110,0.0000,0.0000,0.0000,0.0500,0.0000
  6111,0.0000,0.0000,0.0000,0.0500,0.0000
  6112,0.0000,0.0000,0.0000,0.0100,0.0000
  6113,0.0000,0.0000,0.0000,0.0100,0.0000
  6114,0.0000,0.0000,0.0000,0.0000,0.0000
  6115,0.0000,0.0000,0.0000,0.0000,0.0000
  6116,0.0000,0.0000,0.0000,0.0500,0.0000
  6117,0.0000,0.0000,0.0000,0.0500,0.0000
  6118,0.0000,0.0000,0.0000,0.0500,0.0000
  6119,0.0000,0.0000,0.0000,0.0500,0.0000
  6120,0.0000,0.0000,0.0000,0.0500,0.0000
  6121,0.0000,0.0000,0.0000,0.0500,0.0000
  6122,0.0000,0.0000,0.0000,0.0500,0.0000
  6123,0.0000,0.0000,0.0000,0.0500,0.0000
  6124,0.0000,0.0000,0.0000,0.0500,0.0000
  6125,0.0000,0.0000,0.0000,0.0500,0.0000
  6126,0.0000,0.0000,0.0000,0.0500,0.0000
  6127,0.0000,0.0000,0.0000,0.0000,0.0000
  6128,0.0000,0.0000,0.0000,0.0500,0.0000
  6129,0.0000,0.0000,0.0000,0.0500,0.0000
  6130,0.0000,0.0000,0.0000,0.0500,0.0000
  6131,0.0000,0.0000,0.0000,0.0500,0.0000
  6132,0.0000,0.0000,0.0000,0.0500,0.0000
  6133,0.0000,0.0000,0.0000,0.0500,0.0000
  6134,0.0000,0.0000,0.0000,0.0100,0.0000
  6135,0.0000,0.0000,0.0000,0.0000,0.0000
  6136,0.0000,0.0000,0.0000,0.0500,0.0000
  6137,0.0000,0.0000,0.0000,0.0500,0.0000
  6138,0.0000,0.0000,0.0000,0.0500,0.0000
  6139,0.0000,0.0000,0.0000,0.0500,0.0000
  6140,0.0000,0.0000,0.0000,0.0500,0.0000
  6141,0.0000,0.0000,0.0000,0.0500,0.0000
  6142,0.0000,0.0000,0.0000,0.0500,0.0000
  6143,0.0000,0.0000,0.0000,0.0500,0.0000
  6144,0.0000,0.0000,0.0000,0.0500,0.0000
  6145,0.0000,0.0000,0.0000,0.0500,0.0000
  6146,0.0000,0.0000,0.0000,0.0500,0.0000
  6147,0.0000,0.0000,0.0000,0.0500,0.0000
  6148,0.0000,0.0000,0.0000,0.0500,0.0000
  6149,0.0000,0.0000,0.0000,0.0500,0.0000
  6150,0.0000,0.0000,0.0000,0.0500,0.0000
  6151,0.0000,0.0000,0.0000,0.0500,0.0000
  6152,0.0000,0.0000,0.0000,0.0500,0.0000
  6153,0.0000,0.0000,0.0000,0.0500,0.0000
  6154,0.0000,0.0000,0.0000,0.0000,17.8631
  6155,0.0000,0.0000,0.0000,0.0000,6.3556
  6156,0.0000,0.0000,0.0000,0.0000,15.9807
  6157,10523.0820,10523.0820,0.0000,0.0000,0.0000
  6158,7199.0679,7199.0679,0.0000,0.0000,0.0000
  6159,14203.8333,14203.8333,0.0000,0.0000,0.0000
  6160,15175.8369,15175.8369,0.0000,0.0000,0.0000
  6161,6877.2537,6877.2537,0.0000,0.0000,0.0000
  6162,8461.1103,8461.1103,0.0000,0.0000,0.0000
  6163,11484.4804,11484.4804,0.0000,0.0000,0.0000
  6164,12824.2383,12824.2383,0.0000,0.0000,0.0000
  6165,13030.3538,13030.3538,0.0000,0.0000,0.0000
  6166,0.0000,0.0000,0.0000,0.0000,0.0000
  6167,17180.0821,17180.0821,0.0000,0.0000,0.0000
  6168,0.0000,0.0000,0.0000,0.0000,0.0000
  6169,0.0000,0.0000,0.0000,0.0000,0.0000
  6170,0.0000,0.0000,0.0000,0.0000,0.0000
  6171,0.0000,0.0000,0.0000,0.0000,0.0000
  6172,0.0000,0.0000,0.0000,0.0000,0.0000
  6173,17446.4725,17446.4725,0.0000,0.0000,0.0000
  6174,17897.2763,17897.2763,0.0000,0.0000,0.0000
  6175,0.0000,0.0000,0.0000,0.0000,0.0000
  6176,0.0000,0.0000,0.0000,0.0000,0.0000
  6177,0.0000,0.0000,0.0000,0.0000,0.0000
  6178,0.0000,0.0000,0.0000,0.0000,0.0000
  6179,0.0000,0.0000,0.0000,0.0000,0.0000
  6180,0.0000,0.0000,0.0000,0.0000,0.0000
  6181,13505.3656,13505.3656,0.0000,0.0000,0.0000
  6182,3658.5060,3658.5060,0.0000,0.0000,0.0000
  6183,17147.9131,17147.9131,0.0000,0.0000,0.0000
  6184,0.0000,0.0000,0.0000,0.0000,0.0000
  6185,0.0000,0.0000,0.0000,0.0000,0.0000
  6186,0.0000,0.0000,0.0000,0.0000,0.0000
  6187,0.0000,0.0000,0.0000,0.0000,0.0000
  6188,0.0000,0.0000,0.0000,0.0000,0.0000
  6189,0.0000,0.0000,0.0000,0.0000,0.0000
  6190,0.0000,0.0000,0.0000,0.0000,0.0000
  6191,794.6216,794.6216,0.0000,0.0000,0.0000
  6192,0.0000,0.0000,0.0000,0.0000,0.0000
  6193,0.0000,0.0000,0.0000,0.0000,1.0009
  6194,17896.1955,17896.1955,0.0000,0.0000,0.0000
  6195,0.0000,0.0000,0.0000,0.0000,0.0000
  6196,0.0000,0.0000,0.0000,0.0000,0.0000
  6197,0.0000,0.0000,0.0000,0.0000,0.0000
  6198,0.0000,0.0000,0.0000,0.0000,0.0000
  6199,0.0000,0.0000,0.0000,0.0000,0.0000
  6200,0.0000,0.0000,0.0000,0.0000,0.0000
  6201,0.0000,0.0000,0.0000,0.0000,0.0000
  6202,0.0000,0.0000,0.0000,0.0000,0.0000
  6203,0.0000,0.0000,0.0000,0.0000,0.0000
  6204,0.0000,0.0000,0.0000,0.0000,0.0000
  6205,0.0000,0.0000,0.0000,0.0000,0.0000
  6206,0.0000,0.0000,0.0000,0.0000,0.0000
  6207,0.0000,0.0000,0.0000,0.0000,0.0000
  6208,0.0000,0.0000,0.0000,0.0000,0.0000
  6209,0.0000,0.0000,0.0000,0.0000,0.0000
  6210,0.0000,0.0000,0.0000,0.0100,0.0000
  6211,0.0000,0.0000,0.0000,0.0000,0.0000
  6212,0.0000,0.0000,0.0000,0.0000,0.0000
  6213,0.0000,0.0000,0.0000,0.0500,0.0000
  6214,0.0000,0.0000,0.0000,0.0000,0.0000
  6215,0.0000,0.0000,0.0000,0.0000,0.0000
  6216,0.0000,0.0000,0.0000,0.0100,0.0000
  6217,0.0000,0.0000,0.0000,0.0000,0.0000
  6218,0.0000,0.0000,0.0000,0.0000,0.0000
  6219,0.0000,0.0000,0.0000,0.0100,0.0000
  6220,0.0000,0.0000,0.0000,0.0000,0.0000
  6221,0.0000,0.0000,0.0000,0.0000,0.0000
  6222,0.0000,0.0000,0.0000,0.0100,0.0000
  6223,0.0000,0.0000,0.0000,0.0000,0.0000
  6224,0.0000,0.0000,0.0000,0.0100,0.0000
  6225,0.0000,0.0000,0.0000,0.0000,0.0000
  6226,0.0000,0.0000,0.0000,0.0500,0.0000
  6227,0.0000,0.0000,0.0000,0.0500,0.0000
  6228,0.0000,0.0000,0.0000,0.0500,0.0000
  6229,0.0000,0.0000,0.0000,0.0000,0.0000
  6230,0.0000,0.0000,0.0000,0.0100,0.0000
  6231,0.0000,0.0000,0.0000,0.0100,0.0000
  6232,0.0000,0.0000,0.0000,0.0500,0.0000
  6233,0.0000,0.0000,0.0000,0.0500,0.0000
  6234,0.0000,0.0000,0.0000,0.0000,0.0000
  6235,0.0000,0.0000,0.0000,0.0100,0.0000
  6236,0.0000,0.0000,0.0000,0.0000,0.0000
  6237,0.0000,0.0000,0.0000,0.0500,0.0000
  6238,0.0000,0.0000,0.0000,0.0000,0.0102
  6239,0.0000,0.0000,0.0000,0.0000,0.0100
  6240,0.0000,0.0000,0.0000,0.0100,0.0000
  6241,0.0000,0.0000,0.0000,0.0000,31.5180
  6242,0.0000,0.0000,0.0000,0.0000,0.0116
  6243,0.0000,0.0000,0.0000,0.0000,45.8524
  6244,0.0000,0.0000,0.0000,0.0100,0.0000
  6245,0.0000,0.0000,0.0000,0.0100,0.0000
  6246,0.0000,0.0000,0.0000,0.0000,0.0000
  6247,0.0000,0.0000,0.0000,0.0000,0.0000
  6248,0.0000,0.0000,0.0000,0.0100,0.0000
  6249,0.0000,0.0000,0.0000,0.0000,0.0000
  6250,0.0000,0.0000,0.0000,0.0500,0.0000
  6251,0.0000,0.0000,0.0000,0.0500,0.0000
  6252,0.0000,0.0000,0.0000,0.0500,0.0000
  6253,0.0000,0.0000,0.0000,0.0500,0.0000
  6254,0.0000,0.0000,0.0000,0.0100,0.0000
  6255,0.0000,0.0000,0.0000,0.0100,0.0000
  6256,0.0000,0.0000,0.0000,0.0500,0.0000
  6257,0.0000,0.0000,0.0000,0.0500,0.0000
  6258,0.0000,0.0000,0.0000,0.0100,0.0000
  6259,0.0000,0.0000,0.0000,0.0500,0.0000
  6260,0.0000,0.0000,0.0000,0.0500,0.0000
  6261,0.0000,0.0000,0.0000,0.0100,0.0000
  6262,0.0000,0.0000,0.0000,0.0500,0.0000
  6263,0.0000,0.0000,0.0000,0.0500,0.0000
  6264,0.0000,0.0000,0.0000,0.0000,0.0104
  6265,0.0000,0.0000,0.0000,0.0100,0.0000
  6266,0.0000,0.0000,0.0000,0.0500,0.0000
  6267,0.0000,0.0000,0.0000,0.0100,0.0000
  6268,0.0000,0.0000,0.0000,0.0000,0.0101
  6269,0.0000,0.0000,0.0000,0.0100,0.0000
  6270,0.0000,0.0000,0.0000,0.0100,0.0000
  6271,0.0000,0.0000,0.0000,0.0500,0.0000
  6272,0.0000,0.0000,0.0000,0.0500,0.0000
  6273,0.0000,0.0000,0.0000,0.0100,0.0000
  6274,0.0000,0.0000,0.0000,0.0500,0.0000
  6275,0.0000,0.0000,0.0000,0.0500,0.0000
  6276,0.0000,0.0000,0.0000,0.0500,0.0000
  6277,0.0000,0.0000,0.0000,0.0500,0.0000
  6278,0.0000,0.0000,0.0000,0.0500,0.0000
  6279,0.0000,0.0000,0.0000,0.0100,0.0000
  6280,0.0000,0.0000,0.0000,0.0100,0.0000
  6281,0.0000,0.0000,0.0000,0.0500,0.0000
  6282,0.0000,0.0000,0.0000,0.0500,0.0000
  6283,0.0000,0.0000,0.0000,0.0500,0.0000
  6284,0.0000,0.0000,0.0000,0.0500,0.0000
  6285,0.0000,0.0000,0.0000,0.0500,0.0000
  6286,0.0000,0.0000,0.0000,0.0500,0.0000
  6287,0.0000,0.0000,0.0000,0.0500,0.0000
  6288,0.0000,0.0000,0.0000,0.0500,0.0000
  6289,0.0000,0.0000,0.0000,0.0100,0.0000
  6290,0.0000,0.0000,0.0000,0.0000,0.0110
  6291,0.0000,0.0000,0.0000,0.0000,0.1030
  6292,0.0000,0.0000,0.0000,0.0000,44.8930
  6293,0.0000,0.0000,0.0000,0.0100,0.0000
  6294,0.0000,0.0000,0.0000,0.0100,0.0000
  6295,0.0000,0.0000,0.0000,0.0500,0.0000
  6296,0.0000,0.0000,0.0000,0.0100,0.0000
  6297,0.0000,0.0000,0.0000,0.0000,0.0106
  6298,0.0000,0.0000,0.0000,0.0100,0.0000
  6299,0.0000,0.0000,0.0000,0.0500,0.0000
  6300,0.0000,0.0000,0.0000,0.0500,0.0000
  6301,0.0000,0.0000,0.0000,0.0100,0.0000
  6302,0.0000,0.0000,0.0000,0.0500,0.0000
  6303,0.0000,0.0000,0.0000,0.0100,0.0000
  6304,0.0000,0.0000,0.0000,0.0100,0.0000
  6305,0.0000,0.0000,0.0000,0.0500,0.0000
  6306,0.0000,0.0000,0.0000,0.0000,0.0000
  6307,0.0000,0.0000,0.0000,0.0000,0.0000
  6308,0.0000,0.0000,0.0000,0.0000,0.0000
  6309,0.0000,0.0000,0.0000,0.0000,0.0000
  6310,0.0000,0.0000,0.0000,0.0500,0.0000
  6311,0.0000,0.0000,0.0000,0.0000,0.0000
  6312,0.0000,0.0000,0.0000,0.0000,0.0000
  6313,0.0000,0.0000,0.0000,0.0500,0.0000
  6314,0.0000,0.0000,0.0000,0.0500,0.0000
  6315,0.0000,0.0000,0.0000,0.0100,0.0000
  6316,0.0000,0.0000,0.0000,0.0100,0.0000
  6317,0.0000,0.0000,0.0000,0.0500,0.0000
  6318,0.0000,0.0000,0.0000,0.0500,0.0000
  6319,0.0000,0.0000,0.0000,0.0500,0.0000
  6320,0.0000,0.0000,0.0000,0.0000,0.0000
  6321,0.0000,0.0000,0.0000,0.0100,0.0000
  6322,0.0000,0.0000,0.0000,0.0000,0.0000
  6323,0.0000,0.0000,0.0000,0.0000,0.0000
  6324,0.0000,0.0000,0.0000,0.0000,0.0000
  6325,0.0000,0.0000,0.0000,0.0000,0.0000
  6326,0.0000,0.0000,0.0000,0.0000,0.0000
  6327,0.0000,0.0000,0.0000,0.0000,0.0000
  6328,0.0000,0.0000,0.0000,0.0000,40.5325
  6329,0.0000,0.0000,0.0000,0.0000,0.0102
  6330,0.0000,0.0000,0.0000,0.0100,0.0000
  6331,0.0000,0.0000,0.0000,0.0000,0.0101
  6332,0.0000,0.0000,0.0000,0.0100,0.0000
  6333,0.0000,0.0000,0.0000,0.0100,0.0000
  6334,0.0000,0.0000,0.0000,0.0100,0.0000
  6335,0.0000,0.0000,0.0000,0.0100,0.0000
  6336,0.0000,0.0000,0.0000,0.0000,0.0000
  6337,0.0000,0.0000,0.0000,0.0500,0.0000
  6338,0.0000,0.0000,0.0000,0.0500,0.0000
  6339,0.0000,0.0000,0.0000,0.0000,0.0000
  6340,0.0000,0.0000,0.0000,0.0000,0.0000
  6341,0.0000,0.0000,0.0000,0.0000,0.0000
  6342,0.0000,0.0000,0.0000,0.0100,0.0000
  6343,0.0000,0.0000,0.0000,0.0500,0.0000
  6344,0.0000,0.0000,0.0000,0.0500,0.0000
  6345,0.0000,0.0000,0.0000,0.0500,0.0000
  6346,0.0000,0.0000,0.0000,0.0500,0.0000
  6347,0.0000,0.0000,0.0000,0.0500,0.0000
  6348,0.0000,0.0000,0.0000,0.0500,0.0000
  6349,0.0000,0.0000,0.0000,0.0500,0.0000
  6350,0.0000,0.0000,0.0000,0.0500,0.0000
  6351,0.0000,0.0000,0.0000,0.0100,0.0000
  6352,0.0000,0.0000,0.0000,0.0500,0.0000
  6353,0.0000,0.0000,0.0000,0.0500,0.0000
  6354,0.0000,0.0000,0.0000,0.0000,0.0000
  6355,0.0000,0.0000,0.0000,0.0500,0.0000
  6356,0.0000,0.0000,0.0000,0.0000,0.0000
  6357,0.0000,0.0000,0.0000,0.0500,0.0000
  6358,0.0000,0.0000,0.0000,0.0500,0.0000
  6359,0.0000,0.0000,0.0000,0.0500,0.0000
  6360,0.0000,0.0000,0.0000,0.0500,0.0000
  6361,0.0000,0.0000,0.0000,0.0500,0.0000
  6362,0.0000,0.0000,0.0000,0.0500,0.0000
  6363,0.0000,0.0000,0.0000,0.0100,0.0000
  6364,0.0000,0.0000,0.0000,0.0000,0.0000
  6365,0.0000,0.0000,0.0000,0.0000,0.0000
  6366,0.0000,0.0000,0.0000,0.0000,0.0000
  6367,0.0000,0.0000,0.0000,0.0500,0.0000
  6368,0.0000,0.0000,0.0000,0.0500,0.0000
  6369,0.0000,0.0000,0.0000,0.0500,0.0000
  6370,0.0000,0.0000,0.0000,0.0500,0.0000
  6371,0.0000,0.0000,0.0000,0.0500,0.0000
  6372,0.0000,0.0000,0.0000,0.0500,0.0000
  6373,0.0000,0.0000,0.0000,0.0500,0.0000
  6374,0.0000,0.0000,0.0000,0.0500,0.0000
  6375,0.0000,0.0000,0.0000,0.0500,0.0000
  6376,0.0000,0.0000,0.0000,0.0500,0.0000
  6377,0.0000,0.0000,0.0000,0.0500,0.0000
  6378,0.0000,0.0000,0.0000,0.0500,0.0000
  6379,0.0000,0.0000,0.0000,0.0500,0.0000
  6380,0.0000,0.0000,0.0000,0.0500,0.0000
  6381,0.0000,0.0000,0.0000,0.0500,0.0000
  6382,0.0000,0.0000,0.0000,0.0500,0.0000
  6383,0.0000,0.0000,0.0000,0.0000,1.2162
  6384,0.0000,0.0000,0.0000,0.0000,0.4120
  6385,0.0000,0.0000,0.0000,0.0000,15.3381
  6386,0.0000,0.0000,0.0000,0.0000,11.5841
  6387,0.0000,0.0000,0.0000,0.0000,8.5443
  6388,0.0000,0.0000,0.0000,0.0000,6.0044
  6389,10802.8575,10802.8575,0.0000,0.0000,0.0000
  6390,11707.4470,11707.4470,0.0000,0.0000,0.0000
  6391,17319.2861,17319.2861,0.0000,0.0000,0.0000
  6392,17709.4670,17709.4670,0.0000,0.0000,0.0000
  6393,15921.7016,15921.7016,0.0000,0.0000,0.0000
  6394,16664.9117,16664.9117,0.0000,0.0000,0.0000
  6395,15595.0850,15595.0850,0.0000,0.0000,0.0000
  6396,17719.9311,17719.9311,0.0000,0.0000,0.0000
  6397,17218.3411,17218.3411,0.0000,0.0000,0.0000
  6398,14003.4734,14003.4734,0.0000,0.0000,0.0000
  6399,0.0000,0.0000,0.0000,0.0000,0.0000
  6400,0.0000,0.0000,0.0000,0.0000,0.0000
  6401,0.0000,0.0000,0.0000,0.0000,0.0000
  6402,0.0000,0.0000,0.0000,0.0000,0.0000
  6403,0.0000,0.0000,0.0000,0.0000,0.0000
  6404,17896.4117,17896.4117,0.0000,0.0000,0.0000
  6405,0.0000,0.0000,0.0000,0.0000,0.0000
  6406,0.0000,0.0000,0.0000,0.0000,0.0000
  6407,0.0000,0.0000,0.0000,0.0000,0.0000
  6408,0.0000,0.0000,0.0000,0.0000,0.0000
  6409,0.0000,0.0000,0.0000,0.0000,0.0000
  6410,2174.6222,2174.6222,0.0000,0.0000,0.0000
  6411,17132.0769,17132.0769,0.0000,0.0000,0.0000
  6412,17566.7411,17566.7411,0.0000,0.0000,0.0000
  6413,17895.5864,17895.5864,0.0000,0.0000,0.0000
  6414,0.0000,0.0000,0.0000,0.0000,0.0000
  6415,12839.7079,12839.7079,0.0000,0.0000,0.0000
  6416,0.0000,0.0000,0.0000,0.0000,0.0000
  6417,0.0000,0.0000,0.0000,0.0000,0.0000
  6418,0.0000,0.0000,0.0000,0.0000,0.0000
  6419,0.0000,0.0000,0.0000,0.0000,0.0000
  6420,6566.2413,6566.2413,0.0000,0.0000,0.0000
  6421,11198.3027,11198.3027,0.0000,0.0000,0.0000
  6422,0.0000,0.0000,0.0000,0.0000,0.0000
  6423,0.0000,0.0000,0.0000,0.0000,0.0000
  6424,0.0000,0.0000,0.0000,0.0000,0.0000
  6425,0.0000,0.0000,0.0000,0.0000,0.1115
  6426,0.0000,0.0000,0.0000,0.0000,0.0000
  6427,0.0000,0.0000,0.0000,0.0000,0.0000
  6428,0.0000,0.0000,0.0000,0.0000,6.1004
  6429,0.0000,0.0000,0.0000,0.0000,0.9125
  6430,0.0000,0.0000,0.0000,0.0000,48.4961
  6431,0.0000,0.0000,0.0000,0.0000,0.0000
  6432,0.0000,0.0000,0.0000,0.0000,0.0000
  6433,0.0000,0.0000,0.0000,0.0000,0.0000
  6434,0.0000,0.0000,0.0000,0.0000,0.0000
  6435,0.0000,0.0000,0.0000,0.0000,0.0000
  6436,0.0000,0.0000,0.0000,0.0000,0.0000
  6437,0.0000,0.0000,0.0000,0.0000,0.0000
  6438,0.0000,0.0000,0.0000,0.0000,0.0000
  6439,0.0000,0.0000,0.0000,0.0000,0.0000
  6440,0.0000,0.0000,0.0000,0.0000,0.0000
  6441,0.0000,0.0000,0.0000,0.0000,0.0000
  6442,0.0000,0.0000,0.0000,0.0000,0.0000
  6443,0.0000,0.0000,0.0000,0.0000,0.0000
  6444,0.0000,0.0000,0.0000,0.0000,0.0000
  6445,0.0000,0.0000,0.0000,0.0000,0.0000
  6446,0.0000,0.0000,0.0000,0.0000,0.0000
  6447,0.0000,0.0000,0.0000,0.0000,0.0000
  6448,0.0000,0.0000,0.0000,0.0000,0.0000
  6449,0.0000,0.0000,0.0000,0.0100,0.0000
  6450,0.0000,0.0000,0.0000,0.0000,0.0000
  6451,0.0000,0.0000,0.0000,0.0000,0.0000
  6452,0.0000,0.0000,0.0000,0.0500,0.0000
  6453,0.0000,0.0000,0.0000,0.0000,0.0000
  6454,0.0000,0.0000,0.0000,0.0000,0.0000
  6455,0.0000,0.0000,0.0000,0.0000,0.0000
  6456,0.0000,0.0000,0.0000,0.0000,0.0000
  6457,0.0000,0.0000,0.0000,0.0100,0.0000
  6458,0.0000,0.0000,0.0000,0.0100,0.0000
  6459,0.0000,0.0000,0.0000,0.0000,0.0000
  6460,0.0000,0.0000,0.0000,0.0000,0.0000
  6461,0.0000,0.0000,0.0000,0.0500,0.0000
  6462,0.0000,0.0000,0.0000,0.0100,0.0000
  6463,0.0000,0.0000,0.0000,0.0500,0.0000
  6464,0.0000,0.0000,0.0000,0.0100,0.0000
  6465,0.0000,0.0000,0.0000,0.0100,0.0000
  6466,0.0000,0.0000,0.0000,0.0000,0.0000
  6467,0.0000,0.0000,0.0000,0.0100,0.0000
  6468,0.0000,0.0000,0.0000,0.0500,0.0000
  6469,0.0000,0.0000,0.0000,0.0000,0.0000
  6470,0.0000,0.0000,0.0000,0.0100,0.0000
  6471,0.0000,0.0000,0.0000,0.0100,0.0000
  6472,0.0000,0.0000,0.0000,0.0000,0.0000
  6473,0.0000,0.0000,0.0000,0.0000,0.0100
  6474,0.0000,0.0000,0.0000,0.0100,0.0000
  6475,0.0000,0.0000,0.0000,0.0000,0.0100
  6476,0.0000,0.0000,0.0000,0.0100,0.0000
  6477,0.0000,0.0000,0.0000,0.0000,0.0111
  6478,0.0000,0.0000,0.0000,0.0100,0.0000
  6479,0.0000,0.0000,0.0000,0.0000,45.7566
  6480,0.0000,0.0000,0.0000,0.0000,0.0143
  6481,0.0000,0.0000,0.0000,0.0000,0.0109
  6482,0.0000,0.0000,0.0000,0.0000,47.7844
  6483,0.0000,0.0000,0.0000,0.0100,0.0000
  6484,0.0000,0.0000,0.0000,0.0000,0.0000
  6485,0.0000,0.0000,0.0000,0.0100,0.0000
  6486,0.0000,0.0000,0.0000,0.0100,0.0000
  6487,0.0000,0.0000,0.0000,0.0100,0.0000
  6488,0.0000,0.0000,0.0000,0.0100,0.0000
  6489,0.0000,0.0000,0.0000,0.0100,0.0000
  6490,0.0000,0.0000,0.0000,0.0100,0.0000
  6491,0.0000,0.0000,0.0000,0.0100,0.0000
  6492,0.0000,0.0000,0.0000,0.0100,0.0000
  6493,0.0000,0.0000,0.0000,0.0100,0.0000
  6494,0.0000,0.0000,0.0000,0.0100,0.0000
  6495,0.0000,0.0000,0.0000,0.0500,0.0000
  6496,0.0000,0.0000,0.0000,0.0500,0.0000
  6497,0.0000,0.0000,0.0000,0.0500,0.0000
  6498,0.0000,0.0000,0.0000,0.0500,0.0000
  6499,0.0000,0.0000,0.0000,0.0500,0.0000
  6500,0.0000,0.0000,0.0000,0.0500,0.0000
  6501,0.0000,0.0000,0.0000,0.0500,0.0000
  6502,0.0000,0.0000,0.0000,0.0500,0.0000
  6503,0.0000,0.0000,0.0000,0.0500,0.0000
  6504,0.0000,0.0000,0.0000,0.0500,0.0000
  6505,0.0000,0.0000,0.0000,0.0500,0.0000
  6506,0.0000,0.0000,0.0000,0.0500,0.0000
  6507,0.0000,0.0000,0.0000,0.0100,0.0000
  6508,0.0000,0.0000,0.0000,0.0100,0.0000
  6509,0.0000,0.0000,0.0000,0.0100,0.0000
  6510,0.0000,0.0000,0.0000,0.0500,0.0000
  6511,0.0000,0.0000,0.0000,0.0500,0.0000
  6512,0.0000,0.0000,0.0000,0.0500,0.0000
  6513,0.0000,0.0000,0.0000,0.0500,0.0000
  6514,0.0000,0.0000,0.0000,0.0500,0.0000
  6515,0.0000,0.0000,0.0000,0.0100,0.0000
  6516,0.0000,0.0000,0.0000,0.0500,0.0000
  6517,0.0000,0.0000,0.0000,0.0500,0.0000
  6518,0.0000,0.0000,0.0000,0.0500,0.0000
  6519,0.0000,0.0000,0.0000,0.0500,0.0000
  6520,0.0000,0.0000,0.0000,0.0500,0.0000
  6521,0.0000,0.0000,0.0000,0.0500,0.0000
  6522,0.0000,0.0000,0.0000,0.0100,0.0000
  6523,0.0000,0.0000,0.0000,0.0100,0.0000
  6524,0.0000,0.0000,0.0000,0.0100,0.0000
  6525,0.0000,0.0000,0.0000,0.0100,0.0000
  6526,0.0000,0.0000,0.0000,0.0100,0.0000
  6527,0.0000,0.0000,0.0000,0.0500,0.0000
  6528,0.0000,0.0000,0.0000,0.0100,0.0000
  6529,0.0000,0.0000,0.0000,0.0000,0.0238
  6530,0.0000,0.0000,0.0000,0.0000,12.6701
  6531,0.0000,0.0000,0.0000,0.0100,0.0000
  6532,0.0000,0.0000,0.0000,0.0100,0.0000
  6533,0.0000,0.0000,0.0000,0.0500,0.0000
  6534,0.0000,0.0000,0.0000,0.0500,0.0000
  6535,0.0000,0.0000,0.0000,0.0000,0.0101
  6536,0.0000,0.0000,0.0000,0.0000,0.0108
  6537,0.0000,0.0000,0.0000,0.0000,0.0827
  6538,0.0000,0.0000,0.0000,0.0500,0.0000
  6539,0.0000,0.0000,0.0000,0.0500,0.0000
  6540,0.0000,0.0000,0.0000,0.0500,0.0000
  6541,0.0000,0.0000,0.0000,0.0500,0.0000
  6542,0.0000,0.0000,0.0000,0.0500,0.0000
  6543,0.0000,0.0000,0.0000,0.0500,0.0000
  6544,0.0000,0.0000,0.0000,0.0500,0.0000
  6545,0.0000,0.0000,0.0000,0.0100,0.0000
  6546,0.0000,0.0000,0.0000,0.0000,0.0000
  6547,0.0000,0.0000,0.0000,0.0500,0.0000
  6548,0.0000,0.0000,0.0000,0.0000,0.0000
  6549,0.0000,0.0000,0.0000,0.0500,0.0000
  6550,0.0000,0.0000,0.0000,0.0100,0.0000
  6551,0.0000,0.0000,0.0000,0.0100,0.0000
  6552,0.0000,0.0000,0.0000,0.0100,0.0000
  6553,0.0000,0.0000,0.0000,0.0500,0.0000
  6554,0.0000,0.0000,0.0000,0.0100,0.0000
  6555,0.0000,0.0000,0.0000,0.0100,0.0000
  6556,0.0000,0.0000,0.0000,0.0100,0.0000
  6557,0.0000,0.0000,0.0000,0.0000,0.0000
  6558,0.0000,0.0000,0.0000,0.0500,0.0000
  6559,0.0000,0.0000,0.0000,0.0500,0.0000
  6560,0.0000,0.0000,0.0000,0.0500,0.0000
  6561,0.0000,0.0000,0.0000,0.0500,0.0000
  6562,0.0000,0.0000,0.0000,0.0500,0.0000
  6563,0.0000,0.0000,0.0000,0.0500,0.0000
  6564,0.0000,0.0000,0.0000,0.0500,0.0000
  6565,0.0000,0.0000,0.0000,0.0000,0.0000
  6566,0.0000,0.0000,0.0000,0.0100,0.0000
  6567,0.0000,0.0000,0.0000,0.0000,0.0000
  6568,0.0000,0.0000,0.0000,0.0000,0.0000
  6569,0.0000,0.0000,0.0000,0.0100,0.0000
  6570,0.0000,0.0000,0.0000,0.0000,0.0000
  6571,0.0000,0.0000,0.0000,0.0000,0.0000
  6572,0.0000,0.0000,0.0000,0.0000,41.0823
  6573,0.0000,0.0000,0.0000,0.0000,0.0100
  6574,0.0000,0.0000,0.0000,0.0100,0.0000
  6575,0.0000,0.0000,0.0000,0.0100,0.0000
  6576,0.0000,0.0000,0.0000,0.0100,0.0000
  6577,0.0000,0.0000,0.0000,0.0000,0.0000
  6578,0.0000,0.0000,0.0000,0.0000,0.0000
  6579,0.0000,0.0000,0.0000,0.0500,0.0000
  6580,0.0000,0.0000,0.0000,0.0500,0.0000
  6581,0.0000,0.0000,0.0000,0.0000,0.0000
  6582,0.0000,0.0000,0.0000,0.0000,0.0000
  6583,0.0000,0.0000,0.0000,0.0500,0.0000
  6584,0.0000,0.0000,0.0000,0.0500,0.0000
  6585,0.0000,0.0000,0.0000,0.0500,0.0000
  6586,0.0000,0.0000,0.0000,0.0500,0.0000
  6587,0.0000,0.0000,0.0000,0.0500,0.0000
  6588,0.0000,0.0000,0.0000,0.0500,0.0000
  6589,0.0000,0.0000,0.0000,0.0500,0.0000
  6590,0.0000,0.0000,0.0000,0.0500,0.0000
  6591,0.0000,0.0000,0.0000,0.0500,0.0000
  6592,0.0000,0.0000,0.0000,0.0500,0.0000
  6593,0.0000,0.0000,0.0000,0.0500,0.0000
  6594,0.0000,0.0000,0.0000,0.0000,0.0000
  6595,0.0000,0.0000,0.0000,0.0500,0.0000
  6596,0.0000,0.0000,0.0000,0.0000,0.0000
  6597,0.0000,0.0000,0.0000,0.0500,0.0000
  6598,0.0000,0.0000,0.0000,0.0000,0.0000
  6599,0.0000,0.0000,0.0000,0.0500,0.0000
  6600,0.0000,0.0000,0.0000,0.0500,0.0000
  6601,0.0000,0.0000,0.0000,0.0500,0.0000
  6602,0.0000,0.0000,0.0000,0.0500,0.0000
  6603,0.0000,0.0000,0.0000,0.0500,0.0000
  6604,0.0000,0.0000,0.0000,0.0500,0.0000
  6605,0.0000,0.0000,0.0000,0.0500,0.0000
  6606,0.0000,0.0000,0.0000,0.0000,0.0000
  6607,0.0000,0.0000,0.0000,0.0500,0.0000
  6608,0.0000,0.0000,0.0000,0.0500,0.0000
  6609,0.0000,0.0000,0.0000,0.0500,0.0000
  6610,0.0000,0.0000,0.0000,0.0500,0.0000
  6611,0.0000,0.0000,0.0000,0.0500,0.0000
  6612,0.0000,0.0000,0.0000,0.0500,0.0000
  6613,0.0000,0.0000,0.0000,0.0500,0.0000
  6614,0.0000,0.0000,0.0000,0.0500,0.0000
  6615,0.0000,0.0000,0.0000,0.0500,0.0000
  6616,0.0000,0.0000,0.0000,0.0500,0.0000
  6617,0.0000,0.0000,0.0000,0.0500,0.0000
  6618,0.0000,0.0000,0.0000,0.0500,0.0000
  6619,0.0000,0.0000,0.0000,0.0500,0.0000
  6620,0.0000,0.0000,0.0000,0.0000,0.2634
  6621,0.0000,0.0000,0.0000,0.0500,0.0000
  6622,0.0000,0.0000,0.0000,0.0500,0.0000
  6623,0.0000,0.0000,0.0000,0.0000,9.6238
  6624,0.0000,0.0000,0.0000,0.0000,11.8405
  6625,0.0000,0.0000,0.0000,0.0000,19.8309
  6626,0.0000,0.0000,0.0000,0.0000,6.9332
  6627,0.0000,0.0000,0.0000,0.0000,12.5831
  6628,6995.5329,6995.5329,0.0000,0.0000,0.0000
  6629,10084.7422,10084.7422,0.0000,0.0000,0.0000
  6630,17843.7892,17843.7892,0.0000,0.0000,0.0000
  6631,17739.2807,17739.2807,0.0000,0.0000,0.0000
  6632,17801.7264,17801.7264,0.0000,0.0000,0.0000
  6633,17624.7765,17624.7765,0.0000,0.0000,0.0000
  6634,14968.0424,14968.0424,0.0000,0.0000,0.0000
  6635,17876.3411,17876.3411,0.0000,0.0000,0.0000
  6636,17294.8490,17294.8490,0.0000,0.0000,0.0000
  6637,0.0000,0.0000,0.0000,0.0000,0.0000
  6638,0.0000,0.0000,0.0000,0.0000,0.0000
  6639,0.0000,0.0000,0.0000,0.0000,0.0000
  6640,0.0000,0.0000,0.0000,0.0000,0.0000
  6641,0.0000,0.0000,0.0000,0.0000,0.0000
  6642,0.0000,0.0000,0.0000,0.0000,0.0000
  6643,16509.9987,16509.9987,0.0000,0.0000,0.0000
  6644,0.0000,0.0000,0.0000,0.0000,0.0000
  6645,17140.7224,17140.7224,0.0000,0.0000,0.0000
  6646,14015.3020,14015.3020,0.0000,0.0000,0.0000
  6647,17737.0799,17737.0799,0.0000,0.0000,0.0000
  6648,17779.6439,17779.6439,0.0000,0.0000,0.0000
  6649,17895.4881,17895.4881,0.0000,0.0000,0.0000
  6650,17895.8222,17895.8222,0.0000,0.0000,0.0000
  6651,0.0000,0.0000,0.0000,0.0000,0.0000
  6652,14795.7747,14795.7747,0.0000,0.0000,0.0000
  6653,12373.6043,12373.6043,0.0000,0.0000,0.0000
  6654,14756.8863,14756.8863,0.0000,0.0000,0.0000
  6655,0.0000,0.0000,0.0000,0.0000,0.0000
  6656,9387.6089,9387.6089,0.0000,0.0000,0.0000
  6657,12858.4572,12858.4572,0.0000,0.0000,0.0000
  6658,0.0000,0.0000,0.0000,0.0000,0.0000
  6659,0.0000,0.0000,0.0000,0.0000,0.0000
  6660,17032.6437,17032.6437,0.0000,0.0000,0.0000
  6661,0.0000,0.0000,0.0000,0.0000,0.0442
  6662,0.0000,0.0000,0.0000,0.0000,0.1866
  6663,10365.6082,10365.6082,0.0000,0.0000,0.0000
  6664,0.0000,0.0000,0.0000,0.0000,0.0497
  6665,0.0000,0.0000,0.0000,0.0000,4.3588
  6666,0.0000,0.0000,0.0000,0.0000,0.0308
  6667,16869.6072,16869.6072,0.0000,0.0000,0.0000
  6668,0.0000,0.0000,0.0000,0.0100,0.0000
  6669,0.0000,0.0000,0.0000,0.0000,0.0000
  6670,0.0000,0.0000,0.0000,0.0500,0.0000
  6671,0.0000,0.0000,0.0000,0.0000,0.0000
  6672,0.0000,0.0000,0.0000,0.0500,0.0000
  6673,0.0000,0.0000,0.0000,0.0000,0.0000
  6674,0.0000,0.0000,0.0000,0.0000,0.0000
  6675,0.0000,0.0000,0.0000,0.0000,0.0000
  6676,0.0000,0.0000,0.0000,0.0000,0.0000
  6677,0.0000,0.0000,0.0000,0.0500,0.0000
  6678,0.0000,0.0000,0.0000,0.0100,0.0000
  6679,0.0000,0.0000,0.0000,0.0100,0.0000
  6680,0.0000,0.0000,0.0000,0.0000,0.0000
  6681,0.0000,0.0000,0.0000,0.0000,0.0000
  6682,0.0000,0.0000,0.0000,0.0000,0.0000
  6683,0.0000,0.0000,0.0000,0.0500,0.0000
  6684,0.0000,0.0000,0.0000,0.0000,0.0000
  6685,0.0000,0.0000,0.0000,0.0000,0.0000
  6686,0.0000,0.0000,0.0000,0.0000,0.0000
  6687,0.0000,0.0000,0.0000,0.0100,0.0000
  6688,0.0000,0.0000,0.0000,0.0000,0.0000
  6689,0.0000,0.0000,0.0000,0.0000,0.0000
  6690,0.0000,0.0000,0.0000,0.0500,0.0000
  6691,0.0000,0.0000,0.0000,0.0000,0.0000
  6692,0.0000,0.0000,0.0000,0.0500,0.0000
  6693,0.0000,0.0000,0.0000,0.0500,0.0000
  6694,0.0000,0.0000,0.0000,0.0500,0.0000
  6695,0.0000,0.0000,0.0000,0.0000,0.0000
  6696,0.0000,0.0000,0.0000,0.0100,0.0000
  6697,0.0000,0.0000,0.0000,0.0100,0.0000
  6698,0.0000,0.0000,0.0000,0.0100,0.0000
  6699,0.0000,0.0000,0.0000,0.0100,0.0000
  6700,0.0000,0.0000,0.0000,0.0500,0.0000
  6701,0.0000,0.0000,0.0000,0.0500,0.0000
  6702,0.0000,0.0000,0.0000,0.0000,0.0000
  6703,0.0000,0.0000,0.0000,0.0500,0.0000
  6704,0.0000,0.0000,0.0000,0.0500,0.0000
  6705,0.0000,0.0000,0.0000,0.0100,0.0000
  6706,0.0000,0.0000,0.0000,0.0100,0.0000
  6707,0.0000,0.0000,0.0000,0.0000,0.0000
  6708,0.0000,0.0000,0.0000,0.0100,0.0000
  6709,0.0000,0.0000,0.0000,0.0100,0.0000
  6710,0.0000,0.0000,0.0000,0.0100,0.0000
  6711,0.0000,0.0000,0.0000,0.0100,0.0000
  6712,0.0000,0.0000,0.0000,0.0100,0.0000
  6713,0.0000,0.0000,0.0000,0.0000,0.0000
  6714,0.0000,0.0000,0.0000,0.0100,0.0000
  6715,0.0000,0.0000,0.0000,0.0100,0.0000
  6716,0.0000,0.0000,0.0000,0.0100,0.0000
  6717,0.0000,0.0000,0.0000,0.0000,0.0000
  6718,0.0000,0.0000,0.0000,0.0100,0.0000
  6719,0.0000,0.0000,0.0000,0.0000,0.0000
  6720,0.0000,0.0000,0.0000,0.0000,0.0000
  6721,0.0000,0.0000,0.0000,0.0000,0.0000
  6722,0.0000,0.0000,0.0000,0.0000,0.0000
  6723,0.0000,0.0000,0.0000,0.0100,0.0000
  6724,0.0000,0.0000,0.0000,0.0000,0.0000
  6725,0.0000,0.0000,0.0000,0.0500,0.0000
  6726,0.0000,0.0000,0.0000,0.0500,0.0000
  6727,0.0000,0.0000,0.0000,0.0500,0.0000
  6728,0.0000,0.0000,0.0000,0.0000,0.0000
  6729,0.0000,0.0000,0.0000,0.0500,0.0000
  6730,0.0000,0.0000,0.0000,0.0500,0.0000
  6731,0.0000,0.0000,0.0000,0.0500,0.0000
  6732,0.0000,0.0000,0.0000,0.0500,0.0000
  6733,0.0000,0.0000,0.0000,0.0500,0.0000
  6734,0.0000,0.0000,0.0000,0.0500,0.0000
  6735,0.0000,0.0000,0.0000,0.0500,0.0000
  6736,0.0000,0.0000,0.0000,0.0100,0.0000
  6737,0.0000,0.0000,0.0000,0.0500,0.0000
  6738,0.0000,0.0000,0.0000,0.0500,0.0000
  6739,0.0000,0.0000,0.0000,0.0500,0.0000
  6740,0.0000,0.0000,0.0000,0.0500,0.0000
  6741,0.0000,0.0000,0.0000,0.0500,0.0000
  6742,0.0000,0.0000,0.0000,0.0100,0.0000
  6743,0.0000,0.0000,0.0000,0.0100,0.0000
  6744,0.0000,0.0000,0.0000,0.0500,0.0000
  6745,0.0000,0.0000,0.0000,0.0500,0.0000
  6746,0.0000,0.0000,0.0000,0.0500,0.0000
  6747,0.0000,0.0000,0.0000,0.0500,0.0000
  6748,0.0000,0.0000,0.0000,0.0500,0.0000
  6749,0.0000,0.0000,0.0000,0.0500,0.0000
  6750,0.0000,0.0000,0.0000,0.0500,0.0000
  6751,0.0000,0.0000,0.0000,0.0500,0.0000
  6752,0.0000,0.0000,0.0000,0.0500,0.0000
  6753,0.0000,0.0000,0.0000,0.0100,0.0000
  6754,0.0000,0.0000,0.0000,0.0500,0.0000
  6755,0.0000,0.0000,0.0000,0.0100,0.0000
  6756,0.0000,0.0000,0.0000,0.0500,0.0000
  6757,0.0000,0.0000,0.0000,0.0500,0.0000
  6758,0.0000,0.0000,0.0000,0.0100,0.0000
  6759,0.0000,0.0000,0.0000,0.0100,0.0000
  6760,0.0000,0.0000,0.0000,0.0500,0.0000
  6761,0.0000,0.0000,0.0000,0.0500,0.0000
  6762,0.0000,0.0000,0.0000,0.0500,0.0000
  6763,0.0000,0.0000,0.0000,0.0100,0.0000
  6764,0.0000,0.0000,0.0000,0.0500,0.0000
  6765,0.0000,0.0000,0.0000,0.0500,0.0000
  6766,0.0000,0.0000,0.0000,0.0500,0.0000
  6767,0.0000,0.0000,0.0000,0.0000,0.0102
  6768,0.0000,0.0000,0.0000,0.0000,0.0126
  6769,0.0000,0.0000,0.0000,0.0100,0.0000
  6770,0.0000,0.0000,0.0000,0.0500,0.0000
  6771,0.0000,0.0000,0.0000,0.0500,0.0000
  6772,0.0000,0.0000,0.0000,0.0500,0.0000
  6773,0.0000,0.0000,0.0000,0.0500,0.0000
  6774,0.0000,0.0000,0.0000,0.0500,0.0000
  6775,0.0000,0.0000,0.0000,0.0100,0.0000
  6776,0.0000,0.0000,0.0000,0.0500,0.0000
  6777,0.0000,0.0000,0.0000,0.0100,0.0000
  6778,0.0000,0.0000,0.0000,0.0000,0.0000
  6779,0.0000,0.0000,0.0000,0.0000,0.0000
  6780,0.0000,0.0000,0.0000,0.0100,0.0000
  6781,0.0000,0.0000,0.0000,0.0000,0.0000
  6782,0.0000,0.0000,0.0000,0.0100,0.0000
  6783,0.0000,0.0000,0.0000,0.0500,0.0000
  6784,0.0000,0.0000,0.0000,0.0500,0.0000
  6785,0.0000,0.0000,0.0000,0.0100,0.0000
  6786,0.0000,0.0000,0.0000,0.0500,0.0000
  6787,0.0000,0.0000,0.0000,0.0500,0.0000
  6788,0.0000,0.0000,0.0000,0.0500,0.0000
  6789,0.0000,0.0000,0.0000,0.0500,0.0000
  6790,0.0000,0.0000,0.0000,0.0500,0.0000
  6791,0.0000,0.0000,0.0000,0.0500,0.0000
  6792,0.0000,0.0000,0.0000,0.0500,0.0000
  6793,0.0000,0.0000,0.0000,0.0500,0.0000
  6794,0.0000,0.0000,0.0000,0.0500,0.0000
  6795,0.0000,0.0000,0.0000,0.0500,0.0000
  6796,0.0000,0.0000,0.0000,0.0500,0.0000
  6797,0.0000,0.0000,0.0000,0.0100,0.0000
  6798,0.0000,0.0000,0.0000,0.0000,0.0000
  6799,0.0000,0.0000,0.0000,0.0000,0.0000
  6800,0.0000,0.0000,0.0000,0.0100,0.0000
  6801,0.0000,0.0000,0.0000,0.0000,0.0000
  6802,0.0000,0.0000,0.0000,0.0500,0.0000
  6803,0.0000,0.0000,0.0000,0.0000,0.0000
  6804,0.0000,0.0000,0.0000,0.0500,0.0000
  6805,0.0000,0.0000,0.0000,0.0100,0.0000
  6806,0.0000,0.0000,0.0000,0.0000,0.0000
  6807,0.0000,0.0000,0.0000,0.0000,0.0000
  6808,0.0000,0.0000,0.0000,0.0000,0.0000
  6809,0.0000,0.0000,0.0000,0.0000,0.0000
  6810,0.0000,0.0000,0.0000,0.0500,0.0000
  6811,0.0000,0.0000,0.0000,0.0500,0.0000
  6812,0.0000,0.0000,0.0000,0.0500,0.0000
  6813,0.0000,0.0000,0.0000,0.0500,0.0000
  6814,0.0000,0.0000,0.0000,0.0500,0.0000
  6815,0.0000,0.0000,0.0000,0.0500,0.0000
  6816,0.0000,0.0000,0.0000,0.0500,0.0000
  6817,0.0000,0.0000,0.0000,0.0000,0.0000
  6818,0.0000,0.0000,0.0000,0.0500,0.0000
  6819,0.0000,0.0000,0.0000,0.0500,0.0000
  6820,0.0000,0.0000,0.0000,0.0500,0.0000
  6821,0.0000,0.0000,0.0000,0.0500,0.0000
  6822,0.0000,0.0000,0.0000,0.0000,0.0000
  6823,0.0000,0.0000,0.0000,0.0500,0.0000
  6824,0.0000,0.0000,0.0000,0.0000,0.0000
  6825,0.0000,0.0000,0.0000,0.0500,0.0000
  6826,0.0000,0.0000,0.0000,0.0000,0.0000
  6827,0.0000,0.0000,0.0000,0.0500,0.0000
  6828,0.0000,0.0000,0.0000,0.0000,0.0000
  6829,0.0000,0.0000,0.0000,0.0500,0.0000
  6830,0.0000,0.0000,0.0000,0.0500,0.0000
  6831,0.0000,0.0000,0.0000,0.0500,0.0000
  6832,0.0000,0.0000,0.0000,0.0500,0.0000
  6833,0.0000,0.0000,0.0000,0.0500,0.0000
  6834,0.0000,0.0000,0.0000,0.0500,0.0000
  6835,0.0000,0.0000,0.0000,0.0100,0.0000
  6836,0.0000,0.0000,0.0000,0.0500,0.0000
  6837,0.0000,0.0000,0.0000,0.0500,0.0000
  6838,0.0000,0.0000,0.0000,0.0500,0.0000
  6839,0.0000,0.0000,0.0000,0.0500,0.0000
  6840,0.0000,0.0000,0.0000,0.0500,0.0000
  6841,0.0000,0.0000,0.0000,0.0500,0.0000
  6842,0.0000,0.0000,0.0000,0.0500,0.0000
  6843,0.0000,0.0000,0.0000,0.0500,0.0000
  6844,0.0000,0.0000,0.0000,0.0500,0.0000
  6845,0.0000,0.0000,0.0000,0.0500,0.0000
  6846,0.0000,0.0000,0.0000,0.0500,0.0000
  6847,0.0000,0.0000,0.0000,0.0500,0.0000
  6848,0.0000,0.0000,0.0000,0.0500,0.0000
  6849,0.0000,0.0000,0.0000,0.0000,28.5628
  6850,0.0000,0.0000,0.0000,0.0500,0.0000
  6851,0.0000,0.0000,0.0000,0.0500,0.0000
  6852,0.0000,0.0000,0.0000,0.0500,0.0000
  6853,0.0000,0.0000,0.0000,0.0000,37.8409
  6854,0.0000,0.0000,0.0000,0.0000,46.1301
  6855,11059.3623,11059.3623,0.0000,0.0000,0.0000
  6856,17313.7249,17313.7249,0.0000,0.0000,0.0000
  6857,12178.6662,12178.6662,0.0000,0.0000,0.0000
  6858,12440.5039,12440.5039,0.0000,0.0000,0.0000
  6859,17869.2766,17869.2766,0.0000,0.0000,0.0000
  6860,17842.5647,17842.5647,0.0000,0.0000,0.0000
  6861,17846.1599,17846.1599,0.0000,0.0000,0.0000
  6862,17195.1791,17195.1791,0.0000,0.0000,0.0000
  6863,14446.9457,14446.9457,0.0000,0.0000,0.0000
  6864,0.0000,0.0000,0.0000,0.0000,0.0000
  6865,0.0000,0.0000,0.0000,0.0000,0.0000
  6866,0.0000,0.0000,0.0000,0.0000,0.0000
  6867,0.0000,0.0000,0.0000,0.0000,0.0000
  6868,15786.3971,15786.3971,0.0000,0.0000,0.0000
  6869,17843.8088,17843.8088,0.0000,0.0000,0.0000
  6870,17882.4856,17882.4856,0.0000,0.0000,0.0000
  6871,17877.8329,17877.8329,0.0000,0.0000,0.0000
  6872,17889.0053,17889.0053,0.0000,0.0000,0.0000
  6873,17751.0681,17751.0681,0.0000,0.0000,0.0000
  6874,17886.2361,17886.2361,0.0000,0.0000,0.0000
  6875,0.0000,0.0000,0.0000,0.0000,0.0000
  6876,0.0000,0.0000,0.0000,0.0000,0.0000
  6877,0.0000,0.0000,0.0000,0.0000,0.0000
  6878,15646.2459,15646.2459,0.0000,0.0000,0.0000
  6879,0.0000,0.0000,0.0000,0.0000,0.0000
  6880,0.0000,0.0000,0.0000,0.0000,0.0000
  6881,0.0000,0.0000,0.0000,0.0000,0.0000
  6882,0.0000,0.0000,0.0000,0.0000,0.0000
  6883,0.0000,0.0000,0.0000,0.0000,0.0000
  6884,0.0000,0.0000,0.0000,0.0000,0.0000
  6885,0.0000,0.0000,0.0000,0.0000,0.0000
  6886,0.0000,0.0000,0.0000,0.0000,0.0000
  6887,0.0000,0.0000,0.0000,0.0000,0.0119
  6888,0.0000,0.0000,0.0000,0.0000,0.0343
  6889,0.0000,0.0000,0.0000,0.0000,0.2071
  6890,0.0000,0.0000,0.0000,0.0000,14.5372
  6891,0.0000,0.0000,0.0000,0.0000,0.0683
  6892,0.0000,0.0000,0.0000,0.0000,0.0215
  6893,0.0000,0.0000,0.0000,0.0000,46.4920
  6894,0.0000,0.0000,0.0000,0.0100,0.0000
  6895,0.0000,0.0000,0.0000,0.0100,0.0000
  6896,0.0000,0.0000,0.0000,0.0500,0.0000
  6897,0.0000,0.0000,0.0000,0.0500,0.0000
  6898,0.0000,0.0000,0.0000,0.0000,0.0000
  6899,0.0000,0.0000,0.0000,0.0500,0.0000
  6900,0.0000,0.0000,0.0000,0.0500,0.0000
  6901,0.0000,0.0000,0.0000,0.0500,0.0000
  6902,0.0000,0.0000,0.0000,0.0500,0.0000
  6903,0.0000,0.0000,0.0000,0.0500,0.0000
  6904,0.0000,0.0000,0.0000,0.0000,0.0000
  6905,0.0000,0.0000,0.0000,0.0000,0.0000
  6906,0.0000,0.0000,0.0000,0.0500,0.0000
  6907,0.0000,0.0000,0.0000,0.0100,0.0000
  6908,0.0000,0.0000,0.0000,0.0100,0.0000
  6909,0.0000,0.0000,0.0000,0.0100,0.0000
  6910,0.0000,0.0000,0.0000,0.0500,0.0000
  6911,0.0000,0.0000,0.0000,0.0100,0.0000
  6912,0.0000,0.0000,0.0000,0.0000,0.0000
  6913,0.0000,0.0000,0.0000,0.0000,0.0000
  6914,0.0000,0.0000,0.0000,0.0500,0.0000
  6915,0.0000,0.0000,0.0000,0.0500,0.0000
  6916,0.0000,0.0000,0.0000,0.0000,0.0000
  6917,0.0000,0.0000,0.0000,0.0500,0.0000
  6918,0.0000,0.0000,0.0000,0.0500,0.0000
  6919,0.0000,0.0000,0.0000,0.0500,0.0000
  6920,0.0000,0.0000,0.0000,0.0500,0.0000
  6921,0.0000,0.0000,0.0000,0.0500,0.0000
  6922,0.0000,0.0000,0.0000,0.0100,0.0000
  6923,0.0000,0.0000,0.0000,0.0100,0.0000
  6924,0.0000,0.0000,0.0000,0.0000,0.0000
  6925,0.0000,0.0000,0.0000,0.0100,0.0000
  6926,0.0000,0.0000,0.0000,0.0100,0.0000
  6927,0.0000,0.0000,0.0000,0.0500,0.0000
  6928,0.0000,0.0000,0.0000,0.0100,0.0000
  6929,0.0000,0.0000,0.0000,0.0000,0.0000
  6930,0.0000,0.0000,0.0000,0.0000,0.0000
  6931,0.0000,0.0000,0.0000,0.0100,0.0000
  6932,0.0000,0.0000,0.0000,0.0500,0.0000
  6933,0.0000,0.0000,0.0000,0.0000,0.0000
  6934,0.0000,0.0000,0.0000,0.0100,0.0000
  6935,0.0000,0.0000,0.0000,0.0000,0.0000
  6936,0.0000,0.0000,0.0000,0.0000,0.0000
  6937,0.0000,0.0000,0.0000,0.0100,0.0000
  6938,0.0000,0.0000,0.0000,0.0000,0.0000
  6939,0.0000,0.0000,0.0000,0.0000,0.0000
  6940,0.0000,0.0000,0.0000,0.0000,0.0000
  6941,0.0000,0.0000,0.0000,0.0000,0.0000
  6942,0.0000,0.0000,0.0000,0.0000,0.0000
  6943,0.0000,0.0000,0.0000,0.0100,0.0000
  6944,0.0000,0.0000,0.0000,0.0000,0.0000
  6945,0.0000,0.0000,0.0000,0.0000,0.0000
  6946,0.0000,0.0000,0.0000,0.0100,0.0000
  6947,0.0000,0.0000,0.0000,0.0000,0.0000
  6948,0.0000,0.0000,0.0000,0.0000,0.0000
  6949,0.0000,0.0000,0.0000,0.0000,0.0000
  6950,0.0000,0.0000,0.0000,0.0000,0.0000
  6951,0.0000,0.0000,0.0000,0.0000,0.0000
  6952,0.0000,0.0000,0.0000,0.0000,0.0000
  6953,0.0000,0.0000,0.0000,0.0100,0.0000
  6954,0.0000,0.0000,0.0000,0.0100,0.0000
  6955,0.0000,0.0000,0.0000,0.0500,0.0000
  6956,0.0000,0.0000,0.0000,0.0500,0.0000
  6957,0.0000,0.0000,0.0000,0.0500,0.0000
  6958,0.0000,0.0000,0.0000,0.0500,0.0000
  6959,0.0000,0.0000,0.0000,0.0500,0.0000
  6960,0.0000,0.0000,0.0000,0.0500,0.0000
  6961,0.0000,0.0000,0.0000,0.0500,0.0000
  6962,0.0000,0.0000,0.0000,0.0500,0.0000
  6963,0.0000,0.0000,0.0000,0.0000,0.0000
  6964,0.0000,0.0000,0.0000,0.0000,0.0000
  6965,0.0000,0.0000,0.0000,0.0000,0.0000
  6966,0.0000,0.0000,0.0000,0.0500,0.0000
  6967,0.0000,0.0000,0.0000,0.0500,0.0000
  6968,0.0000,0.0000,0.0000,0.0500,0.0000
  6969,0.0000,0.0000,0.0000,0.0500,0.0000
  6970,0.0000,0.0000,0.0000,0.0500,0.0000
  6971,0.0000,0.0000,0.0000,0.0500,0.0000
  6972,0.0000,0.0000,0.0000,0.0500,0.0000
  6973,0.0000,0.0000,0.0000,0.0100,0.0000
  6974,0.0000,0.0000,0.0000,0.0100,0.0000
  6975,0.0000,0.0000,0.0000,0.0500,0.0000
  6976,0.0000,0.0000,0.0000,0.0100,0.0000
  6977,0.0000,0.0000,0.0000,0.0500,0.0000
  6978,0.0000,0.0000,0.0000,0.0500,0.0000
  6979,0.0000,0.0000,0.0000,0.0500,0.0000
  6980,0.0000,0.0000,0.0000,0.0100,0.0000
  6981,0.0000,0.0000,0.0000,0.0100,0.0000
  6982,0.0000,0.0000,0.0000,0.0100,0.0000
  6983,0.0000,0.0000,0.0000,0.0500,0.0000
  6984,0.0000,0.0000,0.0000,0.0500,0.0000
  6985,0.0000,0.0000,0.0000,0.0500,0.0000
  6986,0.0000,0.0000,0.0000,0.0500,0.0000
  6987,0.0000,0.0000,0.0000,0.0500,0.0000
  6988,0.0000,0.0000,0.0000,0.0500,0.0000
  6989,0.0000,0.0000,0.0000,0.0500,0.0000
  6990,0.0000,0.0000,0.0000,0.0500,0.0000
  6991,0.0000,0.0000,0.0000,0.0500,0.0000
  6992,0.0000,0.0000,0.0000,0.0100,0.0000
  6993,0.0000,0.0000,0.0000,0.0100,0.0000
  6994,0.0000,0.0000,0.0000,0.0500,0.0000
  6995,0.0000,0.0000,0.0000,0.0500,0.0000
  6996,0.0000,0.0000,0.0000,0.0500,0.0000
  6997,0.0000,0.0000,0.0000,0.0500,0.0000
  6998,0.0000,0.0000,0.0000,0.0000,0.0102
  6999,0.0000,0.0000,0.0000,0.0100,0.0000
  7000,0.0000,0.0000,0.0000,0.0500,0.0000
  7001,0.0000,0.0000,0.0000,0.0500,0.0000
  7002,0.0000,0.0000,0.0000,0.0500,0.0000
  7003,0.0000,0.0000,0.0000,0.0500,0.0000
  7004,0.0000,0.0000,0.0000,0.0500,0.0000
  7005,0.0000,0.0000,0.0000,0.0500,0.0000
  7006,0.0000,0.0000,0.0000,0.0000,0.0000
  7007,0.0000,0.0000,0.0000,0.0000,0.0000
  7008,0.0000,0.0000,0.0000,0.0500,0.0000
  7009,0.0000,0.0000,0.0000,0.0000,0.0000
  7010,0.0000,0.0000,0.0000,0.0500,0.0000
  7011,0.0000,0.0000,0.0000,0.0500,0.0000
  7012,0.0000,0.0000,0.0000,0.0500,0.0000
  7013,0.0000,0.0000,0.0000,0.0500,0.0000
  7014,0.0000,0.0000,0.0000,0.0500,0.0000
  7015,0.0000,0.0000,0.0000,0.0500,0.0000
  7016,0.0000,0.0000,0.0000,0.0500,0.0000
  7017,0.0000,0.0000,0.0000,0.0500,0.0000
  7018,0.0000,0.0000,0.0000,0.0500,0.0000
  7019,0.0000,0.0000,0.0000,0.0500,0.0000
  7020,0.0000,0.0000,0.0000,0.0500,0.0000
  7021,0.0000,0.0000,0.0000,0.0500,0.0000
  7022,0.0000,0.0000,0.0000,0.0500,0.0000
  7023,0.0000,0.0000,0.0000,0.0500,0.0000
  7024,0.0000,0.0000,0.0000,0.0500,0.0000
  7025,0.0000,0.0000,0.0000,0.0100,0.0000
  7026,0.0000,0.0000,0.0000,0.0000,0.0000
  7027,0.0000,0.0000,0.0000,0.0100,0.0000
  7028,0.0000,0.0000,0.0000,0.0500,0.0000
  7029,0.0000,0.0000,0.0000,0.0500,0.0000
  7030,0.0000,0.0000,0.0000,0.0500,0.0000
  7031,0.0000,0.0000,0.0000,0.0500,0.0000
  7032,0.0000,0.0000,0.0000,0.0100,0.0000
  7033,0.0000,0.0000,0.0000,0.0500,0.0000
  7034,0.0000,0.0000,0.0000,0.0000,0.0000
  7035,0.0000,0.0000,0.0000,0.0000,0.0000
  7036,0.0000,0.0000,0.0000,0.0000,0.0000
  7037,0.0000,0.0000,0.0000,0.0000,0.0000
  7038,0.0000,0.0000,0.0000,0.0100,0.0000
  7039,0.0000,0.0000,0.0000,0.0500,0.0000
  7040,0.0000,0.0000,0.0000,0.0500,0.0000
  7041,0.0000,0.0000,0.0000,0.0500,0.0000
  7042,0.0000,0.0000,0.0000,0.0500,0.0000
  7043,0.0000,0.0000,0.0000,0.0500,0.0000
  7044,0.0000,0.0000,0.0000,0.0500,0.0000
  7045,0.0000,0.0000,0.0000,0.0000,0.0000
  7046,0.0000,0.0000,0.0000,0.0500,0.0000
  7047,0.0000,0.0000,0.0000,0.0000,0.0000
  7048,0.0000,0.0000,0.0000,0.0500,0.0000
  7049,0.0000,0.0000,0.0000,0.0500,0.0000
  7050,0.0000,0.0000,0.0000,0.0500,0.0000
  7051,0.0000,0.0000,0.0000,0.0500,0.0000
  7052,0.0000,0.0000,0.0000,0.0000,0.0000
  7053,0.0000,0.0000,0.0000,0.0500,0.0000
  7054,0.0000,0.0000,0.0000,0.0000,0.0000
  7055,0.0000,0.0000,0.0000,0.0100,0.0000
  7056,0.0000,0.0000,0.0000,0.0100,0.0000
  7057,0.0000,0.0000,0.0000,0.0500,0.0000
  7058,0.0000,0.0000,0.0000,0.0100,0.0000
  7059,0.0000,0.0000,0.0000,0.0500,0.0000
  7060,0.0000,0.0000,0.0000,0.0500,0.0000
  7061,0.0000,0.0000,0.0000,0.0500,0.0000
  7062,0.0000,0.0000,0.0000,0.0500,0.0000
  7063,0.0000,0.0000,0.0000,0.0500,0.0000
  7064,0.0000,0.0000,0.0000,0.0100,0.0000
  7065,0.0000,0.0000,0.0000,0.0500,0.0000
  7066,0.0000,0.0000,0.0000,0.0100,0.0000
  7067,0.0000,0.0000,0.0000,0.0500,0.0000
  7068,0.0000,0.0000,0.0000,0.0500,0.0000
  7069,0.0000,0.0000,0.0000,0.0500,0.0000
  7070,0.0000,0.0000,0.0000,0.0500,0.0000
  7071,0.0000,0.0000,0.0000,0.0500,0.0000
  7072,0.0000,0.0000,0.0000,0.0500,0.0000
  7073,0.0000,0.0000,0.0000,0.0500,0.0000
  7074,0.0000,0.0000,0.0000,0.0500,0.0000
  7075,0.0000,0.0000,0.0000,0.0500,0.0000
  7076,0.0000,0.0000,0.0000,0.0500,0.0000
  7077,0.0000,0.0000,0.0000,0.0500,0.0000
  7078,0.0000,0.0000,0.0000,0.0500,0.0000
  7079,0.0000,0.0000,0.0000,0.0500,0.0000
  7080,0.0000,0.0000,0.0000,0.0000,0.4457
  7081,0.0000,0.0000,0.0000,0.0000,37.1787
  7082,0.0000,0.0000,0.0000,0.0000,47.4737
  7083,0.0000,0.0000,0.0000,0.0500,0.0000
  7084,0.0000,0.0000,0.0000,0.0500,0.0000
  7085,0.0000,0.0000,0.0000,0.0500,0.0000
  7086,17752.8223,17752.8223,0.0000,0.0000,0.0000
  7087,17780.5614,17780.5614,0.0000,0.0000,0.0000
  7088,17363.9548,17363.9548,0.0000,0.0000,0.0000
  7089,17770.3737,17770.3737,0.0000,0.0000,0.0000
  7090,16413.8787,16413.8787,0.0000,0.0000,0.0000
  7091,14899.8971,14899.8971,0.0000,0.0000,0.0000
  7092,0.0000,0.0000,0.0000,0.0000,0.0000
  7093,0.0000,0.0000,0.0000,0.0000,0.0000
  7094,16970.0541,16970.0541,0.0000,0.0000,0.0000
  7095,15034.2542,15034.2542,0.0000,0.0000,0.0000
  7096,0.0000,0.0000,0.0000,0.0000,0.0000
  7097,17851.9118,17851.9118,0.0000,0.0000,0.0000
  7098,0.0000,0.0000,0.0000,1.0000,0.9995
  7099,0.0000,0.0000,0.0000,0.0000,0.0000
  7100,17705.8702,17705.8702,0.0000,0.0000,0.0000
  7101,0.0000,0.0000,0.0000,0.0000,0.0000
  7102,0.0000,0.0000,0.0000,0.0000,0.0000
  7103,17578.7227,17578.7227,0.0000,0.0000,0.0000
  7104,0.0000,0.0000,0.0000,0.0000,0.0000
  7105,17882.3874,17882.3874,0.0000,0.0000,0.0000
  7106,0.0000,0.0000,0.0000,1.0000,0.9977
  7107,17871.9157,17871.9157,0.0000,0.0000,0.0000
  7108,0.0000,0.0000,0.0000,0.0000,0.0000
  7109,0.0000,0.0000,0.0000,0.0000,0.0110
  7110,0.0000,0.0000,0.0000,0.0000,0.0397
  7111,0.0000,0.0000,0.0000,0.0000,0.0326
  7112,0.0000,0.0000,0.0000,0.0000,15.7830
  7113,0.0000,0.0000,0.0000,0.0000,0.0110
  7114,0.0000,0.0000,0.0000,0.0000,0.0111
  7115,0.0000,0.0000,0.0000,0.0000,0.0103
  7116,0.0000,0.0000,0.0000,0.0000,19.9112
  7117,0.0000,0.0000,0.0000,0.0500,0.0000
  7118,0.0000,0.0000,0.0000,0.0100,0.0000
  7119,0.0000,0.0000,0.0000,0.0500,0.0000
  7120,0.0000,0.0000,0.0000,0.0500,0.0000
  7121,0.0000,0.0000,0.0000,0.0500,0.0000
  7122,0.0000,0.0000,0.0000,0.0500,0.0000
  7123,0.0000,0.0000,0.0000,0.0500,0.0000
  7124,0.0000,0.0000,0.0000,0.0500,0.0000
  7125,0.0000,0.0000,0.0000,0.0500,0.0000
  7126,0.0000,0.0000,0.0000,0.0500,0.0000
  7127,0.0000,0.0000,0.0000,0.0500,0.0000
  7128,0.0000,0.0000,0.0000,0.0500,0.0000
  7129,0.0000,0.0000,0.0000,0.0100,0.0000
  7130,0.0000,0.0000,0.0000,0.0000,0.0000
  7131,0.0000,0.0000,0.0000,0.0000,0.0000
  7132,0.0000,0.0000,0.0000,0.0000,0.0000
  7133,0.0000,0.0000,0.0000,0.0500,0.0000
  7134,0.0000,0.0000,0.0000,0.0100,0.0000
  7135,0.0000,0.0000,0.0000,0.0500,0.0000
  7136,0.0000,0.0000,0.0000,0.0000,0.0000
  7137,0.0000,0.0000,0.0000,0.0500,0.0000
  7138,0.0000,0.0000,0.0000,0.0000,0.0000
  7139,0.0000,0.0000,0.0000,0.0500,0.0000
  7140,0.0000,0.0000,0.0000,0.0500,0.0000
  7141,0.0000,0.0000,0.0000,0.0500,0.0000
  7142,0.0000,0.0000,0.0000,0.0000,0.0000
  7143,0.0000,0.0000,0.0000,0.0100,0.0000
  7144,0.0000,0.0000,0.0000,0.0500,0.0000
  7145,0.0000,0.0000,0.0000,0.0100,0.0000
  7146,0.0000,0.0000,0.0000,0.0100,0.0000
  7147,0.0000,0.0000,0.0000,0.0000,0.0000
  7148,0.0000,0.0000,0.0000,0.0000,0.0000
  7149,0.0000,0.0000,0.0000,0.0100,0.0000
  7150,0.0000,0.0000,0.0000,0.0500,0.0000
  7151,0.0000,0.0000,0.0000,0.0500,0.0000
  7152,0.0000,0.0000,0.0000,0.0500,0.0000
  7153,0.0000,0.0000,0.0000,0.0100,0.0000
  7154,0.0000,0.0000,0.0000,0.0000,0.0000
  7155,0.0000,0.0000,0.0000,0.0000,0.0000
  7156,0.0000,0.0000,0.0000,0.0100,0.0000
  7157,0.0000,0.0000,0.0000,0.0100,0.0000
  7158,0.0000,0.0000,0.0000,0.0100,0.0000
  7159,0.0000,0.0000,0.0000,0.0000,0.0000
  7160,0.0000,0.0000,0.0000,0.0100,0.0000
  7161,0.0000,0.0000,0.0000,0.0000,0.0000
  7162,0.0000,0.0000,0.0000,0.0000,0.0000
  7163,0.0000,0.0000,0.0000,0.0000,0.0000
  7164,0.0000,0.0000,0.0000,0.0000,0.0000
  7165,0.0000,0.0000,0.0000,0.0000,0.0000
  7166,0.0000,0.0000,0.0000,0.0000,0.0000
  7167,0.0000,0.0000,0.0000,0.0500,0.0000
  7168,0.0000,0.0000,0.0000,0.0000,0.0000
  7169,0.0000,0.0000,0.0000,0.0000,0.0000
  7170,0.0000,0.0000,0.0000,0.0100,0.0000
  7171,0.0000,0.0000,0.0000,0.0100,0.0000
  7172,0.0000,0.0000,0.0000,0.0000,0.0000
  7173,0.0000,0.0000,0.0000,0.0500,0.0000
  7174,0.0000,0.0000,0.0000,0.0000,0.0000
  7175,0.0000,0.0000,0.0000,0.0000,0.0000
  7176,0.0000,0.0000,0.0000,0.0500,0.0000
  7177,0.0000,0.0000,0.0000,0.0500,0.0000
  7178,0.0000,0.0000,0.0000,0.0100,0.0000
  7179,0.0000,0.0000,0.0000,0.0500,0.0000
  7180,0.0000,0.0000,0.0000,0.0500,0.0000
  7181,0.0000,0.0000,0.0000,0.0500,0.0000
  7182,0.0000,0.0000,0.0000,0.0500,0.0000
  7183,0.0000,0.0000,0.0000,0.0100,0.0000
  7184,0.0000,0.0000,0.0000,0.0000,0.0000
  7185,0.0000,0.0000,0.0000,0.0100,0.0000
  7186,0.0000,0.0000,0.0000,0.0100,0.0000
  7187,0.0000,0.0000,0.0000,0.0500,0.0000
  7188,0.0000,0.0000,0.0000,0.0500,0.0000
  7189,0.0000,0.0000,0.0000,0.0500,0.0000
  7190,0.0000,0.0000,0.0000,0.0500,0.0000
  7191,0.0000,0.0000,0.0000,0.0500,0.0000
  7192,0.0000,0.0000,0.0000,0.0500,0.0000
  7193,0.0000,0.0000,0.0000,0.0500,0.0000
  7194,0.0000,0.0000,0.0000,0.0500,0.0000
  7195,0.0000,0.0000,0.0000,0.0500,0.0000
  7196,0.0000,0.0000,0.0000,0.0100,0.0000
  7197,0.0000,0.0000,0.0000,0.0100,0.0000
  7198,0.0000,0.0000,0.0000,0.0100,0.0000
  7199,0.0000,0.0000,0.0000,0.0100,0.0000
  7200,0.0000,0.0000,0.0000,0.0500,0.0000
  7201,0.0000,0.0000,0.0000,0.0500,0.0000
  7202,0.0000,0.0000,0.0000,0.0500,0.0000
  7203,0.0000,0.0000,0.0000,0.0500,0.0000
  7204,0.0000,0.0000,0.0000,0.0000,0.0000
  7205,0.0000,0.0000,0.0000,0.0500,0.0000
  7206,0.0000,0.0000,0.0000,0.0000,0.0000
  7207,0.0000,0.0000,0.0000,0.0000,0.0000
  7208,0.0000,0.0000,0.0000,0.0000,0.0000
  7209,0.0000,0.0000,0.0000,0.0500,0.0000
  7210,0.0000,0.0000,0.0000,0.0500,0.0000
  7211,0.0000,0.0000,0.0000,0.0500,0.0000
  7212,0.0000,0.0000,0.0000,0.0100,0.0000
  7213,0.0000,0.0000,0.0000,0.0500,0.0000
  7214,0.0000,0.0000,0.0000,0.0500,0.0000
  7215,0.0000,0.0000,0.0000,0.0100,0.0000
  7216,0.0000,0.0000,0.0000,0.0000,0.0100
  7217,0.0000,0.0000,0.0000,0.0100,0.0000
  7218,0.0000,0.0000,0.0000,0.0500,0.0000
  7219,0.0000,0.0000,0.0000,0.0000,0.0100
  7220,0.0000,0.0000,0.0000,0.0000,0.0101
  7221,0.0000,0.0000,0.0000,0.0000,0.0101
  7222,0.0000,0.0000,0.0000,0.0500,0.0000
  7223,0.0000,0.0000,0.0000,0.0500,0.0000
  7224,0.0000,0.0000,0.0000,0.0500,0.0000
  7225,0.0000,0.0000,0.0000,0.0500,0.0000
  7226,0.0000,0.0000,0.0000,0.0500,0.0000
  7227,0.0000,0.0000,0.0000,0.0500,0.0000
  7228,0.0000,0.0000,0.0000,0.0500,0.0000
  7229,0.0000,0.0000,0.0000,0.0500,0.0000
  7230,0.0000,0.0000,0.0000,0.0500,0.0000
  7231,0.0000,0.0000,0.0000,0.0500,0.0000
  7232,0.0000,0.0000,0.0000,0.0100,0.0000
  7233,0.0000,0.0000,0.0000,0.0500,0.0000
  7234,0.0000,0.0000,0.0000,0.0500,0.0000
  7235,0.0000,0.0000,0.0000,0.0500,0.0000
  7236,0.0000,0.0000,0.0000,0.0500,0.0000
  7237,0.0000,0.0000,0.0000,0.0500,0.0000
  7238,0.0000,0.0000,0.0000,0.0500,0.0000
  7239,0.0000,0.0000,0.0000,0.0500,0.0000
  7240,0.0000,0.0000,0.0000,0.0500,0.0000
  7241,0.0000,0.0000,0.0000,0.0500,0.0000
  7242,0.0000,0.0000,0.0000,0.0500,0.0000
  7243,0.0000,0.0000,0.0000,0.0500,0.0000
  7244,0.0000,0.0000,0.0000,0.0500,0.0000
  7245,0.0000,0.0000,0.0000,0.0500,0.0000
  7246,0.0000,0.0000,0.0000,0.0500,0.0000
  7247,0.0000,0.0000,0.0000,0.0500,0.0000
  7248,0.0000,0.0000,0.0000,0.0100,0.0000
  7249,0.0000,0.0000,0.0000,0.0000,0.0000
  7250,0.0000,0.0000,0.0000,0.0000,0.0000
  7251,0.0000,0.0000,0.0000,0.0000,0.0000
  7252,0.0000,0.0000,0.0000,0.0500,0.0000
  7253,0.0000,0.0000,0.0000,0.0100,0.0000
  7254,0.0000,0.0000,0.0000,0.0100,0.0000
  7255,0.0000,0.0000,0.0000,0.0100,0.0000
  7256,0.0000,0.0000,0.0000,0.0100,0.0000
  7257,0.0000,0.0000,0.0000,0.0000,0.0000
  7258,0.0000,0.0000,0.0000,0.0000,0.0000
  7259,0.0000,0.0000,0.0000,0.0000,0.0000
  7260,0.0000,0.0000,0.0000,0.0100,0.0000
  7261,0.0000,0.0000,0.0000,0.0100,0.0000
  7262,0.0000,0.0000,0.0000,0.0000,0.0000
  7263,0.0000,0.0000,0.0000,0.0500,0.0000
  7264,0.0000,0.0000,0.0000,0.0500,0.0000
  7265,0.0000,0.0000,0.0000,0.0500,0.0000
  7266,0.0000,0.0000,0.0000,0.0500,0.0000
  7267,0.0000,0.0000,0.0000,0.0500,0.0000
  7268,0.0000,0.0000,0.0000,0.0500,0.0000
  7269,0.0000,0.0000,0.0000,0.0500,0.0000
  7270,0.0000,0.0000,0.0000,0.0500,0.0000
  7271,0.0000,0.0000,0.0000,0.0000,0.0000
  7272,0.0000,0.0000,0.0000,0.0500,0.0000
  7273,0.0000,0.0000,0.0000,0.0500,0.0000
  7274,0.0000,0.0000,0.0000,0.0500,0.0000
  7275,0.0000,0.0000,0.0000,0.0000,0.0000
  7276,0.0000,0.0000,0.0000,0.0500,0.0000
  7277,0.0000,0.0000,0.0000,0.0500,0.0000
  7278,0.0000,0.0000,0.0000,0.0500,0.0000
  7279,0.0000,0.0000,0.0000,0.0000,0.0000
  7280,0.0000,0.0000,0.0000,0.0500,0.0000
  7281,0.0000,0.0000,0.0000,0.0000,0.0000
  7282,0.0000,0.0000,0.0000,0.0100,0.0000
  7283,0.0000,0.0000,0.0000,0.0500,0.0000
  7284,0.0000,0.0000,0.0000,0.0100,0.0000
  7285,0.0000,0.0000,0.0000,0.0500,0.0000
  7286,0.0000,0.0000,0.0000,0.0500,0.0000
  7287,0.0000,0.0000,0.0000,0.0500,0.0000
  7288,0.0000,0.0000,0.0000,0.0500,0.0000
  7289,0.0000,0.0000,0.0000,0.0100,0.0000
  7290,0.0000,0.0000,0.0000,0.0500,0.0000
  7291,0.0000,0.0000,0.0000,0.0500,0.0000
  7292,0.0000,0.0000,0.0000,0.0100,0.0000
  7293,0.0000,0.0000,0.0000,0.0500,0.0000
  7294,0.0000,0.0000,0.0000,0.0500,0.0000
  7295,0.0000,0.0000,0.0000,0.0500,0.0000
  7296,0.0000,0.0000,0.0000,0.0500,0.0000
  7297,0.0000,0.0000,0.0000,0.0500,0.0000
  7298,0.0000,0.0000,0.0000,0.0500,0.0000
  7299,0.0000,0.0000,0.0000,0.0500,0.0000
  7300,0.0000,0.0000,0.0000,0.0500,0.0000
  7301,0.0000,0.0000,0.0000,0.0500,0.0000
  7302,0.0000,0.0000,0.0000,0.0500,0.0000
  7303,0.0000,0.0000,0.0000,0.0500,0.0000
  7304,0.0000,0.0000,0.0000,0.0000,36.0979
  7305,0.0000,0.0000,0.0000,0.0000,46.4183
  7306,17698.1346,17698.1346,0.0000,0.0000,0.0000
  7307,0.0000,0.0000,0.0000,0.0500,0.0000
  7308,0.0000,0.0000,0.0000,0.0500,0.0000
  7309,0.0000,0.0000,0.0000,0.0000,0.1629
  7310,0.0000,0.0000,0.0000,0.0000,23.1820
  7311,17721.9546,17721.9546,0.0000,0.0000,0.0000
  7312,17542.9564,17542.9564,0.0000,0.0000,0.0000
  7313,17508.2047,17508.2047,0.0000,0.0000,0.0000
  7314,16473.8111,16473.8111,0.0000,0.0000,0.0000
  7315,10134.0358,10134.0358,0.0000,0.0000,0.0000
  7316,0.0000,0.0000,0.0000,0.0000,0.0000
  7317,0.0000,0.0000,0.0000,0.0000,0.0000
  7318,0.0000,0.0000,0.0000,0.0000,0.0000
  7319,17884.0858,17884.0858,0.0000,0.0000,0.0000
  7320,0.0000,0.0000,0.0000,0.0000,0.0000
  7321,0.0000,0.0000,0.0000,0.0000,46.7469
  7322,0.0000,0.0000,0.0000,0.0000,0.0111
  7323,0.0000,0.0000,0.0000,0.0000,0.0132
  7324,0.0000,0.0000,0.0000,0.0000,0.0232
  7325,0.0000,0.0000,0.0000,0.0000,0.0327
  7326,0.0000,0.0000,0.0000,0.0000,0.0102
  7327,0.0000,0.0000,0.0000,0.0000,0.0111
  7328,0.0000,0.0000,0.0000,0.0000,6.6470
  7329,0.0000,0.0000,0.0000,0.0500,0.0000
  7330,0.0000,0.0000,0.0000,0.0500,0.0000
  7331,0.0000,0.0000,0.0000,0.0500,0.0000
  7332,0.0000,0.0000,0.0000,0.0500,0.0000
  7333,0.0000,0.0000,0.0000,0.0000,0.0000
  7334,0.0000,0.0000,0.0000,0.0000,0.0000
  7335,0.0000,0.0000,0.0000,0.0100,0.0000
  7336,0.0000,0.0000,0.0000,0.0500,0.0000
  7337,0.0000,0.0000,0.0000,0.0500,0.0000
  7338,0.0000,0.0000,0.0000,0.0500,0.0000
  7339,0.0000,0.0000,0.0000,0.0100,0.0000
  7340,0.0000,0.0000,0.0000,0.0500,0.0000
  7341,0.0000,0.0000,0.0000,0.0100,0.0000
  7342,0.0000,0.0000,0.0000,0.0000,0.0000
  7343,0.0000,0.0000,0.0000,0.0100,0.0000
  7344,0.0000,0.0000,0.0000,0.0500,0.0000
  7345,0.0000,0.0000,0.0000,0.0100,0.0000
  7346,0.0000,0.0000,0.0000,0.0500,0.0000
  7347,0.0000,0.0000,0.0000,0.0500,0.0000
  7348,0.0000,0.0000,0.0000,0.0500,0.0000
  7349,0.0000,0.0000,0.0000,0.0500,0.0000
  7350,0.0000,0.0000,0.0000,0.0000,0.0000
  7351,0.0000,0.0000,0.0000,0.0500,0.0000
  7352,0.0000,0.0000,0.0000,0.0500,0.0000
  7353,0.0000,0.0000,0.0000,0.0500,0.0000
  7354,0.0000,0.0000,0.0000,0.0000,0.0000
  7355,0.0000,0.0000,0.0000,0.0500,0.0000
  7356,0.0000,0.0000,0.0000,0.0100,0.0000
  7357,0.0000,0.0000,0.0000,0.0000,0.0000
  7358,0.0000,0.0000,0.0000,0.0000,0.0000
  7359,0.0000,0.0000,0.0000,0.0000,0.0000
  7360,0.0000,0.0000,0.0000,0.0000,0.0000
  7361,0.0000,0.0000,0.0000,0.0100,0.0000
  7362,0.0000,0.0000,0.0000,0.0000,0.0000
  7363,0.0000,0.0000,0.0000,0.0100,0.0000
  7364,0.0000,0.0000,0.0000,0.0000,0.0000
  7365,0.0000,0.0000,0.0000,0.0100,0.0000
  7366,0.0000,0.0000,0.0000,0.0000,0.0000
  7367,0.0000,0.0000,0.0000,0.0000,0.0000
  7368,0.0000,0.0000,0.0000,0.0000,0.0000
  7369,0.0000,0.0000,0.0000,0.0000,0.0000
  7370,0.0000,0.0000,0.0000,0.0500,0.0000
  7371,0.0000,0.0000,0.0000,0.0000,0.0000
  7372,0.0000,0.0000,0.0000,0.0000,0.0000
  7373,0.0000,0.0000,0.0000,0.0000,0.0000
  7374,0.0000,0.0000,0.0000,0.0100,0.0000
  7375,0.0000,0.0000,0.0000,0.0000,0.0000
  7376,0.0000,0.0000,0.0000,0.0500,0.0000
  7377,0.0000,0.0000,0.0000,0.0500,0.0000
  7378,0.0000,0.0000,0.0000,0.0500,0.0000
  7379,0.0000,0.0000,0.0000,0.0000,0.0000
  7380,0.0000,0.0000,0.0000,0.0500,0.0000
  7381,0.0000,0.0000,0.0000,0.0500,0.0000
  7382,0.0000,0.0000,0.0000,0.0500,0.0000
  7383,0.0000,0.0000,0.0000,0.0500,0.0000
  7384,0.0000,0.0000,0.0000,0.0000,0.0000
  7385,0.0000,0.0000,0.0000,0.0000,0.0000
  7386,0.0000,0.0000,0.0000,0.0500,0.0000
  7387,0.0000,0.0000,0.0000,0.0500,0.0000
  7388,0.0000,0.0000,0.0000,0.0500,0.0000
  7389,0.0000,0.0000,0.0000,0.0500,0.0000
  7390,0.0000,0.0000,0.0000,0.0500,0.0000
  7391,0.0000,0.0000,0.0000,0.0500,0.0000
  7392,0.0000,0.0000,0.0000,0.0500,0.0000
  7393,0.0000,0.0000,0.0000,0.0100,0.0000
  7394,0.0000,0.0000,0.0000,0.0000,0.0000
  7395,0.0000,0.0000,0.0000,0.0100,0.0000
  7396,0.0000,0.0000,0.0000,0.0500,0.0000
  7397,0.0000,0.0000,0.0000,0.0500,0.0000
  7398,0.0000,0.0000,0.0000,0.0500,0.0000
  7399,0.0000,0.0000,0.0000,0.0500,0.0000
  7400,0.0000,0.0000,0.0000,0.0500,0.0000
  7401,0.0000,0.0000,0.0000,0.0500,0.0000
  7402,0.0000,0.0000,0.0000,0.0500,0.0000
  7403,0.0000,0.0000,0.0000,0.0500,0.0000
  7404,0.0000,0.0000,0.0000,0.0500,0.0000
  7405,0.0000,0.0000,0.0000,0.0500,0.0000
  7406,0.0000,0.0000,0.0000,0.0100,0.0000
  7407,0.0000,0.0000,0.0000,0.0500,0.0000
  7408,0.0000,0.0000,0.0000,0.0100,0.0000
  7409,0.0000,0.0000,0.0000,0.0500,0.0000
  7410,0.0000,0.0000,0.0000,0.0500,0.0000
  7411,0.0000,0.0000,0.0000,0.0500,0.0000
  7412,0.0000,0.0000,0.0000,0.0500,0.0000
  7413,0.0000,0.0000,0.0000,0.0500,0.0000
  7414,0.0000,0.0000,0.0000,0.0500,0.0000
  7415,0.0000,0.0000,0.0000,0.0500,0.0000
  7416,0.0000,0.0000,0.0000,0.0500,0.0000
  7417,0.0000,0.0000,0.0000,0.0500,0.0000
  7418,0.0000,0.0000,0.0000,0.0100,0.0000
  7419,0.0000,0.0000,0.0000,0.0000,0.0100
  7420,0.0000,0.0000,0.0000,0.0100,0.0000
  7421,0.0000,0.0000,0.0000,0.0000,0.0000
  7422,0.0000,0.0000,0.0000,0.0000,0.0100
  7423,0.0000,0.0000,0.0000,0.0000,0.0100
  7424,0.0000,0.0000,0.0000,0.0000,0.0104
  7425,0.0000,0.0000,0.0000,0.0000,0.0100
  7426,0.0000,0.0000,0.0000,0.0000,0.0100
  7427,0.0000,0.0000,0.0000,0.0500,0.0000
  7428,0.0000,0.0000,0.0000,0.0500,0.0000
  7429,0.0000,0.0000,0.0000,0.0500,0.0000
  7430,0.0000,0.0000,0.0000,0.0500,0.0000
  7431,0.0000,0.0000,0.0000,0.0500,0.0000
  7432,0.0000,0.0000,0.0000,0.0500,0.0000
  7433,0.0000,0.0000,0.0000,0.0500,0.0000
  7434,0.0000,0.0000,0.0000,0.0000,0.0100
  7435,0.0000,0.0000,0.0000,0.0500,0.0000
  7436,0.0000,0.0000,0.0000,0.0000,0.0000
  7437,0.0000,0.0000,0.0000,0.0500,0.0000
  7438,0.0000,0.0000,0.0000,0.0500,0.0000
  7439,0.0000,0.0000,0.0000,0.0500,0.0000
  7440,0.0000,0.0000,0.0000,0.0500,0.0000
  7441,0.0000,0.0000,0.0000,0.0500,0.0000
  7442,0.0000,0.0000,0.0000,0.0500,0.0000
  7443,0.0000,0.0000,0.0000,0.0500,0.0000
  7444,0.0000,0.0000,0.0000,0.0500,0.0000
  7445,0.0000,0.0000,0.0000,0.0100,0.0000
  7446,0.0000,0.0000,0.0000,0.0000,0.0000
  7447,0.0000,0.0000,0.0000,0.0100,0.0000
  7448,0.0000,0.0000,0.0000,0.0100,0.0000
  7449,0.0000,0.0000,0.0000,0.0000,0.0000
  7450,0.0000,0.0000,0.0000,0.0500,0.0000
  7451,0.0000,0.0000,0.0000,0.0500,0.0000
  7452,0.0000,0.0000,0.0000,0.0500,0.0000
  7453,0.0000,0.0000,0.0000,0.0500,0.0000
  7454,0.0000,0.0000,0.0000,0.0000,0.0000
  7455,0.0000,0.0000,0.0000,0.0000,0.0000
  7456,0.0000,0.0000,0.0000,0.0100,0.0000
  7457,0.0000,0.0000,0.0000,0.0000,0.0000
  7458,0.0000,0.0000,0.0000,0.0000,0.0000
  7459,0.0000,0.0000,0.0000,0.0100,0.0000
  7460,0.0000,0.0000,0.0000,0.0100,0.0000
  7461,0.0000,0.0000,0.0000,0.0500,0.0000
  7462,0.0000,0.0000,0.0000,0.0500,0.0000
  7463,0.0000,0.0000,0.0000,0.0000,0.0000
  7464,0.0000,0.0000,0.0000,0.0100,0.0000
  7465,0.0000,0.0000,0.0000,0.0100,0.0000
  7466,0.0000,0.0000,0.0000,0.0000,0.0000
  7467,0.0000,0.0000,0.0000,0.0000,0.0000
  7468,0.0000,0.0000,0.0000,0.0500,0.0000
  7469,0.0000,0.0000,0.0000,0.0500,0.0000
  7470,0.0000,0.0000,0.0000,0.0500,0.0000
  7471,0.0000,0.0000,0.0000,0.0500,0.0000
  7472,0.0000,0.0000,0.0000,0.0000,0.0000
  7473,0.0000,0.0000,0.0000,0.0500,0.0000
  7474,0.0000,0.0000,0.0000,0.0500,0.0000
  7475,0.0000,0.0000,0.0000,0.0000,0.0000
  7476,0.0000,0.0000,0.0000,0.0500,0.0000
  7477,0.0000,0.0000,0.0000,0.0000,0.0000
  7478,0.0000,0.0000,0.0000,0.0500,0.0000
  7479,0.0000,0.0000,0.0000,0.0500,0.0000
  7480,0.0000,0.0000,0.0000,0.0500,0.0000
  7481,0.0000,0.0000,0.0000,0.0500,0.0000
  7482,0.0000,0.0000,0.0000,0.0000,0.0000
  7483,0.0000,0.0000,0.0000,0.0500,0.0000
  7484,0.0000,0.0000,0.0000,0.0500,0.0000
  7485,0.0000,0.0000,0.0000,0.0100,0.0000
  7486,0.0000,0.0000,0.0000,0.0100,0.0000
  7487,0.0000,0.0000,0.0000,0.0100,0.0000
  7488,0.0000,0.0000,0.0000,0.0500,0.0000
  7489,0.0000,0.0000,0.0000,0.0500,0.0000
  7490,0.0000,0.0000,0.0000,0.0500,0.0000
  7491,0.0000,0.0000,0.0000,0.0100,0.0000
  7492,0.0000,0.0000,0.0000,0.0500,0.0000
  7493,0.0000,0.0000,0.0000,0.0100,0.0000
  7494,0.0000,0.0000,0.0000,0.0500,0.0000
  7495,0.0000,0.0000,0.0000,0.0500,0.0000
  7496,0.0000,0.0000,0.0000,0.0500,0.0000
  7497,0.0000,0.0000,0.0000,0.0500,0.0000
  7498,0.0000,0.0000,0.0000,0.0500,0.0000
  7499,0.0000,0.0000,0.0000,0.0500,0.0000
  7500,0.0000,0.0000,0.0000,0.0500,0.0000
  7501,0.0000,0.0000,0.0000,0.0500,0.0000
  7502,0.0000,0.0000,0.0000,0.0500,0.0000
  7503,0.0000,0.0000,0.0000,0.0000,31.1972
  7504,0.0000,0.0000,0.0000,0.0000,43.4524
  7505,17412.8583,17412.8583,0.0000,0.0000,0.0000
  7506,0.0000,0.0000,0.0000,0.0500,0.0000
  7507,0.0000,0.0000,0.0000,0.0500,0.0000
  7508,0.0000,0.0000,0.0000,0.0500,0.0000
  7509,0.0000,0.0000,0.0000,0.0000,10.7549
  7510,0.0000,0.0000,0.0000,0.0000,0.4392
  7511,16606.6543,16606.6543,0.0000,0.0000,0.0000
  7512,16721.6751,16721.6751,0.0000,0.0000,0.0000
  7513,15409.7286,15409.7286,0.0000,0.0000,0.0000
  7514,0.0000,0.0000,0.0000,0.0000,0.0000
  7515,0.0000,0.0000,0.0000,0.0000,0.0000
  7516,0.0000,0.0000,0.0000,0.0000,49.1093
  7517,0.0000,0.0000,0.0000,0.0000,49.7431
  7518,0.0000,0.0000,0.0000,0.0000,11.9253
  7519,0.0000,0.0000,0.0000,0.0000,9.6728
  7520,0.0000,0.0000,0.0000,0.0000,0.0149
  7521,0.0000,0.0000,0.0000,0.0000,0.1001
  7522,0.0000,0.0000,0.0000,0.0000,0.0130
  7523,0.0000,0.0000,0.0000,0.0000,0.0109
  7524,0.0000,0.0000,0.0000,0.0000,0.0634
  7525,0.0000,0.0000,0.0000,0.0100,0.0000
  7526,0.0000,0.0000,0.0000,0.0500,0.0000
  7527,0.0000,0.0000,0.0000,0.0500,0.0000
  7528,0.0000,0.0000,0.0000,0.0100,0.0000
  7529,0.0000,0.0000,0.0000,0.0500,0.0000
  7530,0.0000,0.0000,0.0000,0.0500,0.0000
  7531,0.0000,0.0000,0.0000,0.0100,0.0000
  7532,0.0000,0.0000,0.0000,0.0000,0.0000
  7533,0.0000,0.0000,0.0000,0.0100,0.0000
  7534,0.0000,0.0000,0.0000,0.0500,0.0000
  7535,0.0000,0.0000,0.0000,0.0500,0.0000
  7536,0.0000,0.0000,0.0000,0.0500,0.0000
  7537,0.0000,0.0000,0.0000,0.0100,0.0000
  7538,0.0000,0.0000,0.0000,0.0100,0.0000
  7539,0.0000,0.0000,0.0000,0.0500,0.0000
  7540,0.0000,0.0000,0.0000,0.0500,0.0000
  7541,0.0000,0.0000,0.0000,0.0100,0.0000
  7542,0.0000,0.0000,0.0000,0.0500,0.0000
  7543,0.0000,0.0000,0.0000,0.0500,0.0000
  7544,0.0000,0.0000,0.0000,0.0500,0.0000
  7545,0.0000,0.0000,0.0000,0.0500,0.0000
  7546,0.0000,0.0000,0.0000,0.0500,0.0000
  7547,0.0000,0.0000,0.0000,0.0500,0.0000
  7548,0.0000,0.0000,0.0000,0.0500,0.0000
  7549,0.0000,0.0000,0.0000,0.0500,0.0000
  7550,0.0000,0.0000,0.0000,0.0500,0.0000
  7551,0.0000,0.0000,0.0000,0.0500,0.0000
  7552,0.0000,0.0000,0.0000,0.0500,0.0000
  7553,0.0000,0.0000,0.0000,0.0100,0.0000
  7554,0.0000,0.0000,0.0000,0.0100,0.0000
  7555,0.0000,0.0000,0.0000,0.0000,0.0000
  7556,0.0000,0.0000,0.0000,0.0100,0.0000
  7557,0.0000,0.0000,0.0000,0.0000,0.0000
  7558,0.0000,0.0000,0.0000,0.0000,0.0000
  7559,0.0000,0.0000,0.0000,0.0100,0.0000
  7560,0.0000,0.0000,0.0000,0.0100,0.0000
  7561,0.0000,0.0000,0.0000,0.0500,0.0000
  7562,0.0000,0.0000,0.0000,0.0100,0.0000
  7563,0.0000,0.0000,0.0000,0.0000,0.0000
  7564,0.0000,0.0000,0.0000,0.0000,0.0000
  7565,0.0000,0.0000,0.0000,0.0100,0.0000
  7566,0.0000,0.0000,0.0000,0.0000,0.0000
  7567,0.0000,0.0000,0.0000,0.0500,0.0000
  7568,0.0000,0.0000,0.0000,0.0000,0.0000
  7569,0.0000,0.0000,0.0000,0.0100,0.0000
  7570,0.0000,0.0000,0.0000,0.0500,0.0000
  7571,0.0000,0.0000,0.0000,0.0500,0.0000
  7572,0.0000,0.0000,0.0000,0.0500,0.0000
  7573,0.0000,0.0000,0.0000,0.0500,0.0000
  7574,0.0000,0.0000,0.0000,0.0500,0.0000
  7575,0.0000,0.0000,0.0000,0.0500,0.0000
  7576,0.0000,0.0000,0.0000,0.0500,0.0000
  7577,0.0000,0.0000,0.0000,0.0500,0.0000
  7578,0.0000,0.0000,0.0000,0.0000,0.0000
  7579,0.0000,0.0000,0.0000,0.0500,0.0000
  7580,0.0000,0.0000,0.0000,0.0500,0.0000
  7581,0.0000,0.0000,0.0000,0.0500,0.0000
  7582,0.0000,0.0000,0.0000,0.0500,0.0000
  7583,0.0000,0.0000,0.0000,0.0500,0.0000
  7584,0.0000,0.0000,0.0000,0.0500,0.0000
  7585,0.0000,0.0000,0.0000,0.0500,0.0000
  7586,0.0000,0.0000,0.0000,0.0500,0.0000
  7587,0.0000,0.0000,0.0000,0.0500,0.0000
  7588,0.0000,0.0000,0.0000,0.0500,0.0000
  7589,0.0000,0.0000,0.0000,0.0500,0.0000
  7590,0.0000,0.0000,0.0000,0.0500,0.0000
  7591,0.0000,0.0000,0.0000,0.0100,0.0000
  7592,0.0000,0.0000,0.0000,0.0500,0.0000
  7593,0.0000,0.0000,0.0000,0.0500,0.0000
  7594,0.0000,0.0000,0.0000,0.0500,0.0000
  7595,0.0000,0.0000,0.0000,0.0500,0.0000
  7596,0.0000,0.0000,0.0000,0.0500,0.0000
  7597,0.0000,0.0000,0.0000,0.0500,0.0000
  7598,0.0000,0.0000,0.0000,0.0500,0.0000
  7599,0.0000,0.0000,0.0000,0.0500,0.0000
  7600,0.0000,0.0000,0.0000,0.0500,0.0000
  7601,0.0000,0.0000,0.0000,0.0500,0.0000
  7602,0.0000,0.0000,0.0000,0.0500,0.0000
  7603,0.0000,0.0000,0.0000,0.0500,0.0000
  7604,0.0000,0.0000,0.0000,0.0500,0.0000
  7605,0.0000,0.0000,0.0000,0.0500,0.0000
  7606,0.0000,0.0000,0.0000,0.0500,0.0000
  7607,0.0000,0.0000,0.0000,0.0500,0.0000
  7608,0.0000,0.0000,0.0000,0.0500,0.0000
  7609,0.0000,0.0000,0.0000,0.0500,0.0000
  7610,0.0000,0.0000,0.0000,0.0500,0.0000
  7611,0.0000,0.0000,0.0000,0.0500,0.0000
  7612,0.0000,0.0000,0.0000,0.0500,0.0000
  7613,0.0000,0.0000,0.0000,0.0000,0.0100
  7614,0.0000,0.0000,0.0000,0.0000,0.0100
  7615,0.0000,0.0000,0.0000,0.0000,0.0100
  7616,0.0000,0.0000,0.0000,0.0000,0.0100
  7617,0.0000,0.0000,0.0000,0.0000,0.0100
  7618,0.0000,0.0000,0.0000,0.0000,0.0100
  7619,0.0000,0.0000,0.0000,0.0000,0.0101
  7620,0.0000,0.0000,0.0000,0.0000,0.0100
  7621,0.0000,0.0000,0.0000,0.0500,0.0000
  7622,0.0000,0.0000,0.0000,0.0500,0.0000
  7623,0.0000,0.0000,0.0000,0.0500,0.0000
  7624,0.0000,0.0000,0.0000,0.0500,0.0000
  7625,0.0000,0.0000,0.0000,0.0500,0.0000
  7626,0.0000,0.0000,0.0000,0.0000,0.0100
  7627,0.0000,0.0000,0.0000,0.0500,0.0000
  7628,0.0000,0.0000,0.0000,0.0500,0.0000
  7629,0.0000,0.0000,0.0000,0.0500,0.0000
  7630,0.0000,0.0000,0.0000,0.0000,0.0100
  7631,0.0000,0.0000,0.0000,0.0500,0.0000
  7632,0.0000,0.0000,0.0000,0.0500,0.0000
  7633,0.0000,0.0000,0.0000,0.0500,0.0000
  7634,0.0000,0.0000,0.0000,0.0500,0.0000
  7635,0.0000,0.0000,0.0000,0.0500,0.0000
  7636,0.0000,0.0000,0.0000,0.0500,0.0000
  7637,0.0000,0.0000,0.0000,0.0500,0.0000
  7638,0.0000,0.0000,0.0000,0.0500,0.0000
  7639,0.0000,0.0000,0.0000,0.0000,0.0000
  7640,0.0000,0.0000,0.0000,0.0000,0.0000
  7641,0.0000,0.0000,0.0000,0.0000,0.0000
  7642,0.0000,0.0000,0.0000,0.0000,0.0000
  7643,0.0000,0.0000,0.0000,0.0500,0.0000
  7644,0.0000,0.0000,0.0000,0.0100,0.0000
  7645,0.0000,0.0000,0.0000,0.0500,0.0000
  7646,0.0000,0.0000,0.0000,0.0500,0.0000
  7647,0.0000,0.0000,0.0000,0.0500,0.0000
  7648,0.0000,0.0000,0.0000,0.0500,0.0000
  7649,0.0000,0.0000,0.0000,0.0500,0.0000
  7650,0.0000,0.0000,0.0000,0.0000,0.0000
  7651,0.0000,0.0000,0.0000,0.0000,0.0000
  7652,0.0000,0.0000,0.0000,0.0100,0.0000
  7653,0.0000,0.0000,0.0000,0.0000,0.0000
  7654,0.0000,0.0000,0.0000,0.0000,0.0000
  7655,0.0000,0.0000,0.0000,0.0100,0.0000
  7656,0.0000,0.0000,0.0000,0.0000,0.0000
  7657,0.0000,0.0000,0.0000,0.0500,0.0000
  7658,0.0000,0.0000,0.0000,0.0000,0.0000
  7659,0.0000,0.0000,0.0000,0.0100,0.0000
  7660,0.0000,0.0000,0.0000,0.0000,0.0000
  7661,0.0000,0.0000,0.0000,0.0500,0.0000
  7662,0.0000,0.0000,0.0000,0.0500,0.0000
  7663,0.0000,0.0000,0.0000,0.0500,0.0000
  7664,0.0000,0.0000,0.0000,0.0500,0.0000
  7665,0.0000,0.0000,0.0000,0.0500,0.0000
  7666,0.0000,0.0000,0.0000,0.0500,0.0000
  7667,0.0000,0.0000,0.0000,0.0000,0.0000
  7668,0.0000,0.0000,0.0000,0.0000,0.0000
  7669,0.0000,0.0000,0.0000,0.0500,0.0000
  7670,0.0000,0.0000,0.0000,0.0000,0.0000
  7671,0.0000,0.0000,0.0000,0.0500,0.0000
  7672,0.0000,0.0000,0.0000,0.0500,0.0000
  7673,0.0000,0.0000,0.0000,0.0500,0.0000
  7674,0.0000,0.0000,0.0000,0.0500,0.0000
  7675,0.0000,0.0000,0.0000,0.0100,0.0000
  7676,0.0000,0.0000,0.0000,0.0500,0.0000
  7677,0.0000,0.0000,0.0000,0.0100,0.0000
  7678,0.0000,0.0000,0.0000,0.0100,0.0000
  7679,0.0000,0.0000,0.0000,0.0100,0.0000
  7680,0.0000,0.0000,0.0000,0.0100,0.0000
  7681,0.0000,0.0000,0.0000,0.0500,0.0000
  7682,0.0000,0.0000,0.0000,0.0500,0.0000
  7683,0.0000,0.0000,0.0000,0.0500,0.0000
  7684,0.0000,0.0000,0.0000,0.0500,0.0000
  7685,0.0000,0.0000,0.0000,0.0500,0.0000
  7686,0.0000,0.0000,0.0000,0.0100,0.0000
  7687,0.0000,0.0000,0.0000,0.0100,0.0000
  7688,0.0000,0.0000,0.0000,0.0500,0.0000
  7689,0.0000,0.0000,0.0000,0.0500,0.0000
  7690,0.0000,0.0000,0.0000,0.0500,0.0000
  7691,0.0000,0.0000,0.0000,0.0500,0.0000
  7692,0.0000,0.0000,0.0000,0.0500,0.0000
  7693,0.0000,0.0000,0.0000,0.0500,0.0000
  7694,0.0000,0.0000,0.0000,0.0500,0.0000
  7695,0.0000,0.0000,0.0000,0.0500,0.0000
  7696,0.0000,0.0000,0.0000,0.0500,0.0000
  7697,0.0000,0.0000,0.0000,0.0000,2.4966
  7698,0.0000,0.0000,0.0000,0.0000,32.3045
  7699,14766.4083,14766.4083,0.0000,0.0000,0.0000
  7700,0.0000,0.0000,0.0000,0.0500,0.0000
  7701,0.0000,0.0000,0.0000,0.0500,0.0000
  7702,0.0000,0.0000,0.0000,0.0500,0.0000
  7703,0.0000,0.0000,0.0000,0.0000,18.3488
  7704,0.0000,0.0000,0.0000,0.0000,0.0761
  7705,0.0000,0.0000,0.0000,0.0000,0.0358
  7706,14448.5478,14448.5478,0.0000,0.0000,0.0000
  7707,10394.6932,10394.6932,0.0000,0.0000,0.0000
  7708,15934.3194,15934.3194,0.0000,0.0000,0.0000
  7709,0.0000,0.0000,0.0000,0.0000,0.0000
  7710,0.0000,0.0000,0.0000,0.0000,37.7533
  7711,0.0000,0.0000,0.0000,0.0000,49.8432
  7712,0.0000,0.0000,0.0000,0.0000,48.6635
  7713,0.0000,0.0000,0.0000,0.0000,0.0138
  7714,0.0000,0.0000,0.0000,0.0000,0.1043
  7715,0.0000,0.0000,0.0000,0.0000,18.7613
  7716,0.0000,0.0000,0.0000,0.0000,0.0102
  7717,0.0000,0.0000,0.0000,0.0000,0.0122
  7718,0.0000,0.0000,0.0000,0.0000,0.0102
  7719,0.0000,0.0000,0.0000,0.0000,0.0107
  7720,0.0000,0.0000,0.0000,0.0500,0.0000
  7721,0.0000,0.0000,0.0000,0.0500,0.0000
  7722,0.0000,0.0000,0.0000,0.0500,0.0000
  7723,0.0000,0.0000,0.0000,0.0500,0.0000
  7724,0.0000,0.0000,0.0000,0.0500,0.0000
  7725,0.0000,0.0000,0.0000,0.0100,0.0000
  7726,0.0000,0.0000,0.0000,0.0000,0.0000
  7727,0.0000,0.0000,0.0000,0.0100,0.0000
  7728,0.0000,0.0000,0.0000,0.0100,0.0000
  7729,0.0000,0.0000,0.0000,0.0500,0.0000
  7730,0.0000,0.0000,0.0000,0.0100,0.0000
  7731,0.0000,0.0000,0.0000,0.0500,0.0000
  7732,0.0000,0.0000,0.0000,0.0500,0.0000
  7733,0.0000,0.0000,0.0000,0.0500,0.0000
  7734,0.0000,0.0000,0.0000,0.0500,0.0000
  7735,0.0000,0.0000,0.0000,0.0100,0.0000
  7736,0.0000,0.0000,0.0000,0.0500,0.0000
  7737,0.0000,0.0000,0.0000,0.0500,0.0000
  7738,0.0000,0.0000,0.0000,0.0500,0.0000
  7739,0.0000,0.0000,0.0000,0.0500,0.0000
  7740,0.0000,0.0000,0.0000,0.0000,0.0000
  7741,0.0000,0.0000,0.0000,0.0500,0.0000
  7742,0.0000,0.0000,0.0000,0.0000,0.0000
  7743,0.0000,0.0000,0.0000,0.0500,0.0000
  7744,0.0000,0.0000,0.0000,0.0500,0.0000
  7745,0.0000,0.0000,0.0000,0.0500,0.0000
  7746,0.0000,0.0000,0.0000,0.0500,0.0000
  7747,0.0000,0.0000,0.0000,0.0100,0.0000
  7748,0.0000,0.0000,0.0000,0.0000,0.0000
  7749,0.0000,0.0000,0.0000,0.0500,0.0000
  7750,0.0000,0.0000,0.0000,0.0000,0.0000
  7751,0.0000,0.0000,0.0000,0.0000,0.0000
  7752,0.0000,0.0000,0.0000,0.0100,0.0000
  7753,0.0000,0.0000,0.0000,0.0000,0.0000
  7754,0.0000,0.0000,0.0000,0.0500,0.0000
  7755,0.0000,0.0000,0.0000,0.0500,0.0000
  7756,0.0000,0.0000,0.0000,0.0100,0.0000
  7757,0.0000,0.0000,0.0000,0.0500,0.0000
  7758,0.0000,0.0000,0.0000,0.0000,0.0000
  7759,0.0000,0.0000,0.0000,0.0100,0.0000
  7760,0.0000,0.0000,0.0000,0.0500,0.0000
  7761,0.0000,0.0000,0.0000,0.0500,0.0000
  7762,0.0000,0.0000,0.0000,0.0500,0.0000
  7763,0.0000,0.0000,0.0000,0.0000,0.0000
  7764,0.0000,0.0000,0.0000,0.0500,0.0000
  7765,0.0000,0.0000,0.0000,0.0000,0.0000
  7766,0.0000,0.0000,0.0000,0.0500,0.0000
  7767,0.0000,0.0000,0.0000,0.0000,0.0000
  7768,0.0000,0.0000,0.0000,0.0500,0.0000
  7769,0.0000,0.0000,0.0000,0.0500,0.0000
  7770,0.0000,0.0000,0.0000,0.0500,0.0000
  7771,0.0000,0.0000,0.0000,0.0500,0.0000
  7772,0.0000,0.0000,0.0000,0.0000,0.0000
  7773,0.0000,0.0000,0.0000,0.0500,0.0000
  7774,0.0000,0.0000,0.0000,0.0500,0.0000
  7775,0.0000,0.0000,0.0000,0.0500,0.0000
  7776,0.0000,0.0000,0.0000,0.0500,0.0000
  7777,0.0000,0.0000,0.0000,0.0500,0.0000
  7778,0.0000,0.0000,0.0000,0.0500,0.0000
  7779,0.0000,0.0000,0.0000,0.0500,0.0000
  7780,0.0000,0.0000,0.0000,0.0500,0.0000
  7781,0.0000,0.0000,0.0000,0.0500,0.0000
  7782,0.0000,0.0000,0.0000,0.0500,0.0000
  7783,0.0000,0.0000,0.0000,0.0500,0.0000
  7784,0.0000,0.0000,0.0000,0.0500,0.0000
  7785,0.0000,0.0000,0.0000,0.0500,0.0000
  7786,0.0000,0.0000,0.0000,0.0100,0.0000
  7787,0.0000,0.0000,0.0000,0.0500,0.0000
  7788,0.0000,0.0000,0.0000,0.0500,0.0000
  7789,0.0000,0.0000,0.0000,0.0500,0.0000
  7790,0.0000,0.0000,0.0000,0.0500,0.0000
  7791,0.0000,0.0000,0.0000,0.0500,0.0000
  7792,0.0000,0.0000,0.0000,0.0500,0.0000
  7793,0.0000,0.0000,0.0000,0.0500,0.0000
  7794,0.0000,0.0000,0.0000,0.0500,0.0000
  7795,0.0000,0.0000,0.0000,0.0500,0.0000
  7796,0.0000,0.0000,0.0000,0.0500,0.0000
  7797,0.0000,0.0000,0.0000,0.0500,0.0000
  7798,0.0000,0.0000,0.0000,0.0500,0.0000
  7799,0.0000,0.0000,0.0000,0.0500,0.0000
  7800,0.0000,0.0000,0.0000,0.0500,0.0000
  7801,0.0000,0.0000,0.0000,0.0500,0.0000
  7802,0.0000,0.0000,0.0000,0.0500,0.0000
  7803,0.0000,0.0000,0.0000,0.0500,0.0000
  7804,0.0000,0.0000,0.0000,0.0500,0.0000
  7805,0.0000,0.0000,0.0000,0.0500,0.0000
  7806,0.0000,0.0000,0.0000,0.0500,0.0000
  7807,0.0000,0.0000,0.0000,0.0500,0.0000
  7808,0.0000,0.0000,0.0000,0.0500,0.0000
  7809,0.0000,0.0000,0.0000,0.0000,0.0100
  7810,0.0000,0.0000,0.0000,0.0000,0.0100
  7811,0.0000,0.0000,0.0000,0.0000,0.0100
  7812,0.0000,0.0000,0.0000,0.0000,0.0100
  7813,0.0000,0.0000,0.0000,0.0000,0.0100
  7814,0.0000,0.0000,0.0000,0.0000,0.0100
  7815,0.0000,0.0000,0.0000,0.0000,0.0101
  7816,0.0000,0.0000,0.0000,0.0500,0.0000
  7817,0.0000,0.0000,0.0000,0.0500,0.0000
  7818,0.0000,0.0000,0.0000,0.0500,0.0000
  7819,0.0000,0.0000,0.0000,0.0500,0.0000
  7820,0.0000,0.0000,0.0000,0.0000,0.0100
  7821,0.0000,0.0000,0.0000,0.0000,0.0100
  7822,0.0000,0.0000,0.0000,0.0000,0.0100
  7823,0.0000,0.0000,0.0000,0.0000,0.0100
  7824,0.0000,0.0000,0.0000,0.0500,0.0000
  7825,0.0000,0.0000,0.0000,0.0500,0.0000
  7826,0.0000,0.0000,0.0000,0.0500,0.0000
  7827,0.0000,0.0000,0.0000,0.0000,0.0100
  7828,0.0000,0.0000,0.0000,0.0500,0.0000
  7829,0.0000,0.0000,0.0000,0.0500,0.0000
  7830,0.0000,0.0000,0.0000,0.0500,0.0000
  7831,0.0000,0.0000,0.0000,0.0500,0.0000
  7832,0.0000,0.0000,0.0000,0.0000,0.0000
  7833,0.0000,0.0000,0.0000,0.0500,0.0000
  7834,0.0000,0.0000,0.0000,0.0500,0.0000
  7835,0.0000,0.0000,0.0000,0.0500,0.0000
  7836,0.0000,0.0000,0.0000,0.0000,0.0000
  7837,0.0000,0.0000,0.0000,0.0500,0.0000
  7838,0.0000,0.0000,0.0000,0.0100,0.0000
  7839,0.0000,0.0000,0.0000,0.0100,0.0000
  7840,0.0000,0.0000,0.0000,0.0500,0.0000
  7841,0.0000,0.0000,0.0000,0.0500,0.0000
  7842,0.0000,0.0000,0.0000,0.0500,0.0000
  7843,0.0000,0.0000,0.0000,0.0500,0.0000
  7844,0.0000,0.0000,0.0000,0.0500,0.0000
  7845,0.0000,0.0000,0.0000,0.0000,0.0000
  7846,0.0000,0.0000,0.0000,0.0000,0.0000
  7847,0.0000,0.0000,0.0000,0.0100,0.0000
  7848,0.0000,0.0000,0.0000,0.0100,0.0000
  7849,0.0000,0.0000,0.0000,0.0000,0.0000
  7850,0.0000,0.0000,0.0000,0.0100,0.0000
  7851,0.0000,0.0000,0.0000,0.0100,0.0000
  7852,0.0000,0.0000,0.0000,0.0100,0.0000
  7853,0.0000,0.0000,0.0000,0.0100,0.0000
  7854,0.0000,0.0000,0.0000,0.0100,0.0000
  7855,0.0000,0.0000,0.0000,0.0500,0.0000
  7856,0.0000,0.0000,0.0000,0.0500,0.0000
  7857,0.0000,0.0000,0.0000,0.0500,0.0000
  7858,0.0000,0.0000,0.0000,0.0500,0.0000
  7859,0.0000,0.0000,0.0000,0.0500,0.0000
  7860,0.0000,0.0000,0.0000,0.0500,0.0000
  7861,0.0000,0.0000,0.0000,0.0500,0.0000
  7862,0.0000,0.0000,0.0000,0.0500,0.0000
  7863,0.0000,0.0000,0.0000,0.0000,0.0000
  7864,0.0000,0.0000,0.0000,0.0000,0.0000
  7865,0.0000,0.0000,0.0000,0.0500,0.0000
  7866,0.0000,0.0000,0.0000,0.0000,0.0000
  7867,0.0000,0.0000,0.0000,0.0500,0.0000
  7868,0.0000,0.0000,0.0000,0.0100,0.0000
  7869,0.0000,0.0000,0.0000,0.0500,0.0000
  7870,0.0000,0.0000,0.0000,0.0100,0.0000
  7871,0.0000,0.0000,0.0000,0.0100,0.0000
  7872,0.0000,0.0000,0.0000,0.0100,0.0000
  7873,0.0000,0.0000,0.0000,0.0100,0.0000
  7874,0.0000,0.0000,0.0000,0.0500,0.0000
  7875,0.0000,0.0000,0.0000,0.0500,0.0000
  7876,0.0000,0.0000,0.0000,0.0500,0.0000
  7877,0.0000,0.0000,0.0000,0.0500,0.0000
  7878,0.0000,0.0000,0.0000,0.0500,0.0000
  7879,0.0000,0.0000,0.0000,0.0500,0.0000
  7880,0.0000,0.0000,0.0000,0.0500,0.0000
  7881,0.0000,0.0000,0.0000,0.0100,0.0000
  7882,0.0000,0.0000,0.0000,0.0500,0.0000
  7883,0.0000,0.0000,0.0000,0.0500,0.0000
  7884,0.0000,0.0000,0.0000,0.0500,0.0000
  7885,0.0000,0.0000,0.0000,0.0500,0.0000
  7886,0.0000,0.0000,0.0000,0.0500,0.0000
  7887,0.0000,0.0000,0.0000,0.0500,0.0000
  7888,0.0000,0.0000,0.0000,0.0500,0.0000
  7889,0.0000,0.0000,0.0000,0.0500,0.0000
  7890,0.0000,0.0000,0.0000,0.0500,0.0000
  7891,0.0000,0.0000,0.0000,0.0000,3.9384
  7892,15369.5303,15369.5303,0.0000,0.0000,0.0000
  7893,16789.0253,16789.0253,0.0000,0.0000,0.0000
  7894,0.0000,0.0000,0.0000,0.0500,0.0000
  7895,0.0000,0.0000,0.0000,0.0000,37.6727
  7896,0.0000,0.0000,0.0000,0.0000,40.4485
  7897,0.0000,0.0000,0.0000,0.0000,6.8042
  7898,0.0000,0.0000,0.0000,0.0000,0.2918
  7899,0.0000,0.0000,0.0000,0.0000,3.6750
  7900,17585.0642,17585.0642,0.0000,0.0000,0.0000
  7901,0.0000,0.0000,0.0000,0.0000,0.0000
  7902,17859.4106,17859.4106,0.0000,0.0000,0.0000
  7903,0.0000,0.0000,0.0000,0.0000,42.3298
  7904,0.0000,0.0000,0.0000,0.0000,47.0649
  7905,0.0000,0.0000,0.0000,0.0000,49.8477
  7906,0.0000,0.0000,0.0000,0.0000,0.0124
  7907,0.0000,0.0000,0.0000,0.0000,0.1783
  7908,0.0000,0.0000,0.0000,0.0000,0.0101
  7909,0.0000,0.0000,0.0000,0.0000,0.0103
  7910,0.0000,0.0000,0.0000,0.0000,10.7488
  7911,0.0000,0.0000,0.0000,0.0000,20.4957
  7912,0.0000,0.0000,0.0000,0.0000,40.4050
  7913,0.0000,0.0000,0.0000,0.0000,0.0101
  7914,0.0000,0.0000,0.0000,0.0500,0.0000
  7915,0.0000,0.0000,0.0000,0.0500,0.0000
  7916,0.0000,0.0000,0.0000,0.0500,0.0000
  7917,0.0000,0.0000,0.0000,0.0100,0.0000
  7918,0.0000,0.0000,0.0000,0.0500,0.0000
  7919,0.0000,0.0000,0.0000,0.0100,0.0000
  7920,0.0000,0.0000,0.0000,0.0500,0.0000
  7921,0.0000,0.0000,0.0000,0.0500,0.0000
  7922,0.0000,0.0000,0.0000,0.0500,0.0000
  7923,0.0000,0.0000,0.0000,0.0500,0.0000
  7924,0.0000,0.0000,0.0000,0.0500,0.0000
  7925,0.0000,0.0000,0.0000,0.0500,0.0000
  7926,0.0000,0.0000,0.0000,0.0500,0.0000
  7927,0.0000,0.0000,0.0000,0.0500,0.0000
  7928,0.0000,0.0000,0.0000,0.0500,0.0000
  7929,0.0000,0.0000,0.0000,0.0500,0.0000
  7930,0.0000,0.0000,0.0000,0.0500,0.0000
  7931,0.0000,0.0000,0.0000,0.0500,0.0000
  7932,0.0000,0.0000,0.0000,0.0500,0.0000
  7933,0.0000,0.0000,0.0000,0.0500,0.0000
  7934,0.0000,0.0000,0.0000,0.0000,0.0000
  7935,0.0000,0.0000,0.0000,0.0500,0.0000
  7936,0.0000,0.0000,0.0000,0.0500,0.0000
  7937,0.0000,0.0000,0.0000,0.0500,0.0000
  7938,0.0000,0.0000,0.0000,0.0500,0.0000
  7939,0.0000,0.0000,0.0000,0.0500,0.0000
  7940,0.0000,0.0000,0.0000,0.0500,0.0000
  7941,0.0000,0.0000,0.0000,0.0500,0.0000
  7942,0.0000,0.0000,0.0000,0.0000,0.0000
  7943,0.0000,0.0000,0.0000,0.0100,0.0000
  7944,0.0000,0.0000,0.0000,0.0000,0.0000
  7945,0.0000,0.0000,0.0000,0.0100,0.0000
  7946,0.0000,0.0000,0.0000,0.0000,0.0000
  7947,0.0000,0.0000,0.0000,0.0000,0.0000
  7948,0.0000,0.0000,0.0000,0.0000,0.0000
  7949,0.0000,0.0000,0.0000,0.0500,0.0000
  7950,0.0000,0.0000,0.0000,0.0100,0.0000
  7951,0.0000,0.0000,0.0000,0.0100,0.0000
  7952,0.0000,0.0000,0.0000,0.0500,0.0000
  7953,0.0000,0.0000,0.0000,0.0500,0.0000
  7954,0.0000,0.0000,0.0000,0.0000,0.0000
  7955,0.0000,0.0000,0.0000,0.0500,0.0000
  7956,0.0000,0.0000,0.0000,0.0500,0.0000
  7957,0.0000,0.0000,0.0000,0.0500,0.0000
  7958,0.0000,0.0000,0.0000,0.0500,0.0000
  7959,0.0000,0.0000,0.0000,0.0000,0.0000
  7960,0.0000,0.0000,0.0000,0.0500,0.0000
  7961,0.0000,0.0000,0.0000,0.0500,0.0000
  7962,0.0000,0.0000,0.0000,0.0500,0.0000
  7963,0.0000,0.0000,0.0000,0.0500,0.0000
  7964,0.0000,0.0000,0.0000,0.0500,0.0000
  7965,0.0000,0.0000,0.0000,0.0500,0.0000
  7966,0.0000,0.0000,0.0000,0.0500,0.0000
  7967,0.0000,0.0000,0.0000,0.0500,0.0000
  7968,0.0000,0.0000,0.0000,0.0100,0.0000
  7969,0.0000,0.0000,0.0000,0.0500,0.0000
  7970,0.0000,0.0000,0.0000,0.0500,0.0000
  7971,0.0000,0.0000,0.0000,0.0500,0.0000
  7972,0.0000,0.0000,0.0000,0.0500,0.0000
  7973,0.0000,0.0000,0.0000,0.0500,0.0000
  7974,0.0000,0.0000,0.0000,0.0500,0.0000
  7975,0.0000,0.0000,0.0000,0.0500,0.0000
  7976,0.0000,0.0000,0.0000,0.0500,0.0000
  7977,0.0000,0.0000,0.0000,0.0500,0.0000
  7978,0.0000,0.0000,0.0000,0.0500,0.0000
  7979,0.0000,0.0000,0.0000,0.0500,0.0000
  7980,0.0000,0.0000,0.0000,0.0500,0.0000
  7981,0.0000,0.0000,0.0000,0.0500,0.0000
  7982,0.0000,0.0000,0.0000,0.0500,0.0000
  7983,0.0000,0.0000,0.0000,0.0500,0.0000
  7984,0.0000,0.0000,0.0000,0.0500,0.0000
  7985,0.0000,0.0000,0.0000,0.0500,0.0000
  7986,0.0000,0.0000,0.0000,0.0500,0.0000
  7987,0.0000,0.0000,0.0000,0.0500,0.0000
  7988,0.0000,0.0000,0.0000,0.0500,0.0000
  7989,0.0000,0.0000,0.0000,0.0500,0.0000
  7990,0.0000,0.0000,0.0000,0.0500,0.0000
  7991,0.0000,0.0000,0.0000,0.0500,0.0000
  7992,0.0000,0.0000,0.0000,0.0500,0.0000
  7993,0.0000,0.0000,0.0000,0.0500,0.0000
  7994,0.0000,0.0000,0.0000,0.0500,0.0000
  7995,0.0000,0.0000,0.0000,0.0500,0.0000
  7996,0.0000,0.0000,0.0000,0.0500,0.0000
  7997,0.0000,0.0000,0.0000,0.0500,0.0000
  7998,0.0000,0.0000,0.0000,0.0500,0.0000
  7999,0.0000,0.0000,0.0000,0.0500,0.0000
  8000,0.0000,0.0000,0.0000,0.0500,0.0000
  8001,0.0000,0.0000,0.0000,0.0500,0.0000
  8002,0.0000,0.0000,0.0000,0.0500,0.0000
  8003,0.0000,0.0000,0.0000,0.0500,0.0000
  8004,0.0000,0.0000,0.0000,0.0000,0.0100
  8005,0.0000,0.0000,0.0000,0.0000,0.0100
  8006,0.0000,0.0000,0.0000,0.0000,0.0100
  8007,0.0000,0.0000,0.0000,0.0000,0.0100
  8008,0.0000,0.0000,0.0000,0.0500,0.0000
  8009,0.0000,0.0000,0.0000,0.0500,0.0000
  8010,0.0000,0.0000,0.0000,0.0500,0.0000
  8011,0.0000,0.0000,0.0000,0.0000,0.0000
  8012,0.0000,0.0000,0.0000,0.0500,0.0000
  8013,0.0000,0.0000,0.0000,0.0000,0.0000
  8014,0.0000,0.0000,0.0000,0.0000,0.0000
  8015,0.0000,0.0000,0.0000,0.0000,0.0100
  8016,0.0000,0.0000,0.0000,0.0000,0.0000
  8017,0.0000,0.0000,0.0000,0.0000,0.0000
  8018,0.0000,0.0000,0.0000,0.0000,0.0100
  8019,0.0000,0.0000,0.0000,0.0000,0.0100
  8020,0.0000,0.0000,0.0000,0.0500,0.0000
  8021,0.0000,0.0000,0.0000,0.0500,0.0000
  8022,0.0000,0.0000,0.0000,0.0500,0.0000
  8023,0.0000,0.0000,0.0000,0.0000,0.0100
  8024,0.0000,0.0000,0.0000,0.0500,0.0000
  8025,0.0000,0.0000,0.0000,0.0500,0.0000
  8026,0.0000,0.0000,0.0000,0.0000,0.0000
  8027,0.0000,0.0000,0.0000,0.0500,0.0000
  8028,0.0000,0.0000,0.0000,0.0100,0.0000
  8029,0.0000,0.0000,0.0000,0.0500,0.0000
  8030,0.0000,0.0000,0.0000,0.0500,0.0000
  8031,0.0000,0.0000,0.0000,0.0500,0.0000
  8032,0.0000,0.0000,0.0000,0.0500,0.0000
  8033,0.0000,0.0000,0.0000,0.0500,0.0000
  8034,0.0000,0.0000,0.0000,0.0100,0.0000
  8035,0.0000,0.0000,0.0000,0.0500,0.0000
  8036,0.0000,0.0000,0.0000,0.0500,0.0000
  8037,0.0000,0.0000,0.0000,0.0500,0.0000
  8038,0.0000,0.0000,0.0000,0.0500,0.0000
  8039,0.0000,0.0000,0.0000,0.0500,0.0000
  8040,0.0000,0.0000,0.0000,0.0500,0.0000
  8041,0.0000,0.0000,0.0000,0.0500,0.0000
  8042,0.0000,0.0000,0.0000,0.0000,0.0000
  8043,0.0000,0.0000,0.0000,0.0100,0.0000
  8044,0.0000,0.0000,0.0000,0.0100,0.0000
  8045,0.0000,0.0000,0.0000,0.0100,0.0000
  8046,0.0000,0.0000,0.0000,0.0100,0.0000
  8047,0.0000,0.0000,0.0000,0.0000,0.0000
  8048,0.0000,0.0000,0.0000,0.0000,0.0000
  8049,0.0000,0.0000,0.0000,0.0000,0.0000
  8050,0.0000,0.0000,0.0000,0.0100,0.0000
  8051,0.0000,0.0000,0.0000,0.0100,0.0000
  8052,0.0000,0.0000,0.0000,0.0500,0.0000
  8053,0.0000,0.0000,0.0000,0.0500,0.0000
  8054,0.0000,0.0000,0.0000,0.0500,0.0000
  8055,0.0000,0.0000,0.0000,0.0500,0.0000
  8056,0.0000,0.0000,0.0000,0.0500,0.0000
  8057,0.0000,0.0000,0.0000,0.0500,0.0000
  8058,0.0000,0.0000,0.0000,0.0000,0.0000
  8059,0.0000,0.0000,0.0000,0.0500,0.0000
  8060,0.0000,0.0000,0.0000,0.0500,0.0000
  8061,0.0000,0.0000,0.0000,0.0500,0.0000
  8062,0.0000,0.0000,0.0000,0.0000,0.0000
  8063,0.0000,0.0000,0.0000,0.0000,0.0000
  8064,0.0000,0.0000,0.0000,0.0500,0.0000
  8065,0.0000,0.0000,0.0000,0.0100,0.0000
  8066,0.0000,0.0000,0.0000,0.0100,0.0000
  8067,0.0000,0.0000,0.0000,0.0100,0.0000
  8068,0.0000,0.0000,0.0000,0.0100,0.0000
  8069,0.0000,0.0000,0.0000,0.0100,0.0000
  8070,0.0000,0.0000,0.0000,0.0500,0.0000
  8071,0.0000,0.0000,0.0000,0.0500,0.0000
  8072,0.0000,0.0000,0.0000,0.0500,0.0000
  8073,0.0000,0.0000,0.0000,0.0500,0.0000
  8074,0.0000,0.0000,0.0000,0.0500,0.0000
  8075,0.0000,0.0000,0.0000,0.0500,0.0000
  8076,0.0000,0.0000,0.0000,0.0500,0.0000
  8077,0.0000,0.0000,0.0000,0.0500,0.0000
  8078,0.0000,0.0000,0.0000,0.0500,0.0000
  8079,0.0000,0.0000,0.0000,0.0500,0.0000
  8080,0.0000,0.0000,0.0000,0.0500,0.0000
  8081,0.0000,0.0000,0.0000,0.0500,0.0000
  8082,0.0000,0.0000,0.0000,0.0500,0.0000
  8083,0.0000,0.0000,0.0000,0.0500,0.0000
  8084,0.0000,0.0000,0.0000,0.0500,0.0000
  8085,0.0000,0.0000,0.0000,0.0500,0.0000
  8086,0.0000,0.0000,0.0000,0.0500,0.0000
  8087,0.0000,0.0000,0.0000,0.0500,0.0000
  8088,17040.7245,17040.7245,0.0000,0.0000,0.0000
  8089,17733.5359,17733.5359,0.0000,0.0000,0.0000
  8090,17810.5925,17810.5925,0.0000,0.0000,0.0000
  8091,0.0000,0.0000,0.0000,0.0000,44.4317
  8092,0.0000,0.0000,0.0000,0.0000,46.3056
  8093,0.0000,0.0000,0.0000,0.0000,48.4275
  8094,0.0000,0.0000,0.0000,0.0000,42.0502
  8095,0.0000,0.0000,0.0000,0.0000,19.9363
  8096,0.0000,0.0000,0.0000,0.0000,42.3806
  8097,0.0000,0.0000,0.0000,0.0000,29.5479
  8098,17508.4738,17508.4738,0.0000,0.0000,0.0000
  8099,17874.4962,17874.4962,0.0000,0.0000,0.0000
  8100,0.0000,0.0000,0.0000,0.0000,46.1764
  8101,0.0000,0.0000,0.0000,0.0000,49.5511
  8102,0.0000,0.0000,0.0000,0.0000,49.9055
  8103,0.0000,0.0000,0.0000,0.0000,0.0129
  8104,0.0000,0.0000,0.0000,0.0000,0.0271
  8105,0.0000,0.0000,0.0000,0.0000,0.0103
  8106,0.0000,0.0000,0.0000,0.0000,0.0120
  8107,0.0000,0.0000,0.0000,0.0000,0.0724
  8108,0.0000,0.0000,0.0000,0.0000,0.0100
  8109,0.0000,0.0000,0.0000,0.0000,1.7251
  8110,0.0000,0.0000,0.0000,0.0000,30.9878
  8111,0.0000,0.0000,0.0000,0.0000,41.4569
  8112,0.0000,0.0000,0.0000,0.0000,45.6891
  8113,0.0000,0.0000,0.0000,0.0500,0.0000
  8114,0.0000,0.0000,0.0000,0.0500,0.0000
  8115,0.0000,0.0000,0.0000,0.0500,0.0000
  8116,0.0000,0.0000,0.0000,0.0500,0.0000
  8117,0.0000,0.0000,0.0000,0.0500,0.0000
  8118,0.0000,0.0000,0.0000,0.0500,0.0000
  8119,0.0000,0.0000,0.0000,0.0500,0.0000
  8120,0.0000,0.0000,0.0000,0.0500,0.0000
  8121,0.0000,0.0000,0.0000,0.0500,0.0000
  8122,0.0000,0.0000,0.0000,0.0500,0.0000
  8123,0.0000,0.0000,0.0000,0.0500,0.0000
  8124,0.0000,0.0000,0.0000,0.0500,0.0000
  8125,0.0000,0.0000,0.0000,0.0500,0.0000
  8126,0.0000,0.0000,0.0000,0.0500,0.0000
  8127,0.0000,0.0000,0.0000,0.0500,0.0000
  8128,0.0000,0.0000,0.0000,0.0500,0.0000
  8129,0.0000,0.0000,0.0000,0.0500,0.0000
  8130,0.0000,0.0000,0.0000,0.0500,0.0000
  8131,0.0000,0.0000,0.0000,0.0500,0.0000
  8132,0.0000,0.0000,0.0000,0.0500,0.0000
  8133,0.0000,0.0000,0.0000,0.0500,0.0000
  8134,0.0000,0.0000,0.0000,0.0500,0.0000
  8135,0.0000,0.0000,0.0000,0.0500,0.0000
  8136,0.0000,0.0000,0.0000,0.0500,0.0000
  8137,0.0000,0.0000,0.0000,0.0500,0.0000
  8138,0.0000,0.0000,0.0000,0.0000,0.0000
  8139,0.0000,0.0000,0.0000,0.0500,0.0000
  8140,0.0000,0.0000,0.0000,0.0500,0.0000
  8141,0.0000,0.0000,0.0000,0.0500,0.0000
  8142,0.0000,0.0000,0.0000,0.0500,0.0000
  8143,0.0000,0.0000,0.0000,0.0500,0.0000
  8144,0.0000,0.0000,0.0000,0.0100,0.0000
  8145,0.0000,0.0000,0.0000,0.0000,0.0000
  8146,0.0000,0.0000,0.0000,0.0100,0.0000
  8147,0.0000,0.0000,0.0000,0.0100,0.0000
  8148,0.0000,0.0000,0.0000,0.0000,0.0000
  8149,0.0000,0.0000,0.0000,0.0100,0.0000
  8150,0.0000,0.0000,0.0000,0.0500,0.0000
  8151,0.0000,0.0000,0.0000,0.0100,0.0000
  8152,0.0000,0.0000,0.0000,0.0000,0.0000
  8153,0.0000,0.0000,0.0000,0.0500,0.0000
  8154,0.0000,0.0000,0.0000,0.0500,0.0000
  8155,0.0000,0.0000,0.0000,0.0500,0.0000
  8156,0.0000,0.0000,0.0000,0.0500,0.0000
  8157,0.0000,0.0000,0.0000,0.0500,0.0000
  8158,0.0000,0.0000,0.0000,0.0500,0.0000
  8159,0.0000,0.0000,0.0000,0.0500,0.0000
  8160,0.0000,0.0000,0.0000,0.0500,0.0000
  8161,0.0000,0.0000,0.0000,0.0500,0.0000
  8162,0.0000,0.0000,0.0000,0.0500,0.0000
  8163,0.0000,0.0000,0.0000,0.0500,0.0000
  8164,0.0000,0.0000,0.0000,0.0000,0.0000
  8165,0.0000,0.0000,0.0000,0.0500,0.0000
  8166,0.0000,0.0000,0.0000,0.0500,0.0000
  8167,0.0000,0.0000,0.0000,0.0500,0.0000
  8168,0.0000,0.0000,0.0000,0.0500,0.0000
  8169,0.0000,0.0000,0.0000,0.0500,0.0000
  8170,0.0000,0.0000,0.0000,0.0500,0.0000
  8171,0.0000,0.0000,0.0000,0.0500,0.0000
  8172,0.0000,0.0000,0.0000,0.0500,0.0000
  8173,0.0000,0.0000,0.0000,0.0500,0.0000
  8174,0.0000,0.0000,0.0000,0.0500,0.0000
  8175,0.0000,0.0000,0.0000,0.0500,0.0000
  8176,0.0000,0.0000,0.0000,0.0500,0.0000
  8177,0.0000,0.0000,0.0000,0.0500,0.0000
  8178,0.0000,0.0000,0.0000,0.0500,0.0000
  8179,0.0000,0.0000,0.0000,0.0500,0.0000
  8180,0.0000,0.0000,0.0000,0.0500,0.0000
  8181,0.0000,0.0000,0.0000,0.0500,0.0000
  8182,0.0000,0.0000,0.0000,0.0000,0.0000
  8183,0.0000,0.0000,0.0000,0.0500,0.0000
  8184,0.0000,0.0000,0.0000,0.0500,0.0000
  8185,0.0000,0.0000,0.0000,0.0500,0.0000
  8186,0.0000,0.0000,0.0000,0.0500,0.0000
  8187,0.0000,0.0000,0.0000,0.0500,0.0000
  8188,0.0000,0.0000,0.0000,0.0500,0.0000
  8189,0.0000,0.0000,0.0000,0.0500,0.0000
  8190,0.0000,0.0000,0.0000,0.0500,0.0000
  8191,0.0000,0.0000,0.0000,0.0500,0.0000
  8192,0.0000,0.0000,0.0000,0.0500,0.0000
  8193,0.0000,0.0000,0.0000,0.0500,0.0000
  8194,0.0000,0.0000,0.0000,0.0500,0.0000
  8195,0.0000,0.0000,0.0000,0.0500,0.0000
  8196,0.0000,0.0000,0.0000,0.0500,0.0000
  8197,0.0000,0.0000,0.0000,0.0500,0.0000
  8198,0.0000,0.0000,0.0000,0.0500,0.0000
  8199,0.0000,0.0000,0.0000,0.0500,0.0000
  8200,0.0000,0.0000,0.0000,0.0500,0.0000
  8201,0.0000,0.0000,0.0000,0.0500,0.0000
  8202,0.0000,0.0000,0.0000,0.0500,0.0000
  8203,0.0000,0.0000,0.0000,0.0500,0.0000
  8204,0.0000,0.0000,0.0000,0.0500,0.0000
  8205,0.0000,0.0000,0.0000,0.0500,0.0000
  8206,0.0000,0.0000,0.0000,0.0000,0.0100
  8207,0.0000,0.0000,0.0000,0.0000,0.0101
  8208,0.0000,0.0000,0.0000,0.0500,0.0000
  8209,0.0000,0.0000,0.0000,0.0500,0.0000
  8210,0.0000,0.0000,0.0000,0.0500,0.0000
  8211,0.0000,0.0000,0.0000,0.0000,0.0000
  8212,0.0000,0.0000,0.0000,0.0500,0.0000
  8213,0.0000,0.0000,0.0000,0.0500,0.0000
  8214,0.0000,0.0000,0.0000,0.0000,0.0000
  8215,0.0000,0.0000,0.0000,0.0000,0.0000
  8216,0.0000,0.0000,0.0000,0.0000,0.0100
  8217,0.0000,0.0000,0.0000,0.0000,0.0100
  8218,0.0000,0.0000,0.0000,0.0000,0.0100
  8219,0.0000,0.0000,0.0000,0.0000,0.0000
  8220,0.0000,0.0000,0.0000,0.0000,0.0100
  8221,0.0000,0.0000,0.0000,0.0000,0.0100
  8222,0.0000,0.0000,0.0000,0.0000,0.0100
  8223,0.0000,0.0000,0.0000,0.0000,0.0102
  8224,0.0000,0.0000,0.0000,0.0500,0.0000
  8225,0.0000,0.0000,0.0000,0.0500,0.0000
  8226,0.0000,0.0000,0.0000,0.0500,0.0000
  8227,0.0000,0.0000,0.0000,0.0000,0.0112
  8228,0.0000,0.0000,0.0000,0.0000,0.0106
  8229,0.0000,0.0000,0.0000,0.0500,0.0000
  8230,0.0000,0.0000,0.0000,0.0500,0.0000
  8231,0.0000,0.0000,0.0000,0.0500,0.0000
  8232,0.0000,0.0000,0.0000,0.0000,0.0000
  8233,0.0000,0.0000,0.0000,0.0500,0.0000
  8234,0.0000,0.0000,0.0000,0.0500,0.0000
  8235,0.0000,0.0000,0.0000,0.0500,0.0000
  8236,0.0000,0.0000,0.0000,0.0500,0.0000
  8237,0.0000,0.0000,0.0000,0.0500,0.0000
  8238,0.0000,0.0000,0.0000,0.0500,0.0000
  8239,0.0000,0.0000,0.0000,0.0500,0.0000
  8240,0.0000,0.0000,0.0000,0.0500,0.0000
  8241,0.0000,0.0000,0.0000,0.0500,0.0000
  8242,0.0000,0.0000,0.0000,0.0500,0.0000
  8243,0.0000,0.0000,0.0000,0.0500,0.0000
  8244,0.0000,0.0000,0.0000,0.0500,0.0000
  8245,0.0000,0.0000,0.0000,0.0500,0.0000
  8246,0.0000,0.0000,0.0000,0.0500,0.0000
  8247,0.0000,0.0000,0.0000,0.0500,0.0000
  8248,0.0000,0.0000,0.0000,0.0100,0.0000
  8249,0.0000,0.0000,0.0000,0.0100,0.0000
  8250,0.0000,0.0000,0.0000,0.0500,0.0000
  8251,0.0000,0.0000,0.0000,0.0500,0.0000
  8252,0.0000,0.0000,0.0000,0.0100,0.0000
  8253,0.0000,0.0000,0.0000,0.0500,0.0000
  8254,0.0000,0.0000,0.0000,0.0000,0.0000
  8255,0.0000,0.0000,0.0000,0.0100,0.0000
  8256,0.0000,0.0000,0.0000,0.0100,0.0000
  8257,0.0000,0.0000,0.0000,0.0000,0.0000
  8258,0.0000,0.0000,0.0000,0.0500,0.0000
  8259,0.0000,0.0000,0.0000,0.0500,0.0000
  8260,0.0000,0.0000,0.0000,0.0500,0.0000
  8261,0.0000,0.0000,0.0000,0.0500,0.0000
  8262,0.0000,0.0000,0.0000,0.0500,0.0000
  8263,0.0000,0.0000,0.0000,0.0500,0.0000
  8264,0.0000,0.0000,0.0000,0.0000,0.0000
  8265,0.0000,0.0000,0.0000,0.0500,0.0000
  8266,0.0000,0.0000,0.0000,0.0000,0.0000
  8267,0.0000,0.0000,0.0000,0.0500,0.0000
  8268,0.0000,0.0000,0.0000,0.0500,0.0000
  8269,0.0000,0.0000,0.0000,0.0000,0.0000
  8270,0.0000,0.0000,0.0000,0.0100,0.0000
  8271,0.0000,0.0000,0.0000,0.0100,0.0000
  8272,0.0000,0.0000,0.0000,0.0100,0.0000
  8273,0.0000,0.0000,0.0000,0.0100,0.0000
  8274,0.0000,0.0000,0.0000,0.0100,0.0000
  8275,0.0000,0.0000,0.0000,0.0500,0.0000
  8276,0.0000,0.0000,0.0000,0.0500,0.0000
  8277,0.0000,0.0000,0.0000,0.0500,0.0000
  8278,0.0000,0.0000,0.0000,0.0500,0.0000
  8279,0.0000,0.0000,0.0000,0.0500,0.0000
  8280,0.0000,0.0000,0.0000,0.0500,0.0000
  8281,0.0000,0.0000,0.0000,0.0500,0.0000
  8282,0.0000,0.0000,0.0000,0.0500,0.0000
  8283,0.0000,0.0000,0.0000,0.0500,0.0000
  8284,0.0000,0.0000,0.0000,0.0500,0.0000
  8285,0.0000,0.0000,0.0000,0.0500,0.0000
  8286,0.0000,0.0000,0.0000,0.0500,0.0000
  8287,0.0000,0.0000,0.0000,0.0500,0.0000
  8288,0.0000,0.0000,0.0000,0.0500,0.0000
  8289,0.0000,0.0000,0.0000,0.0500,0.0000
  8290,0.0000,0.0000,0.0000,0.0000,46.3484
  8291,0.0000,0.0000,0.0000,0.0000,46.9976
  8292,0.0000,0.0000,0.0000,0.0000,44.6457
  8293,17845.5525,17845.5525,0.0000,0.0000,0.0000
  8294,17860.8617,17860.8617,0.0000,0.0000,0.0000
  8295,17878.0095,17878.0095,0.0000,0.0000,0.0000
  8296,0.0000,0.0000,0.0000,0.0000,47.2316
  8297,0.0000,0.0000,0.0000,0.0000,46.2610
  8298,0.0000,0.0000,0.0000,0.0000,43.7256
  8299,0.0000,0.0000,0.0000,0.0000,40.3272
  8300,0.0000,0.0000,0.0000,0.0000,44.5065
  8301,0.0000,0.0000,0.0000,0.0000,42.6336
  8302,17580.3441,17580.3441,0.0000,0.0000,0.0000
  8303,17826.6449,17826.6449,0.0000,0.0000,0.0000
  8304,0.0000,0.0000,0.0000,0.0000,49.8248
  8305,0.0000,0.0000,0.0000,0.0000,0.0126
  8306,0.0000,0.0000,0.0000,0.0000,0.0180
  8307,0.0000,0.0000,0.0000,0.0000,40.9539
  8308,0.0000,0.0000,0.0000,0.0000,49.0081
  8309,0.0000,0.0000,0.0000,0.0000,0.0176
  8310,0.0000,0.0000,0.0000,0.0000,25.3562
  8311,0.0000,0.0000,0.0000,0.0000,48.1205
  8312,0.0000,0.0000,0.0000,0.0000,47.3327
  8313,0.0000,0.0000,0.0000,0.0000,49.9294
  8314,0.0000,0.0000,0.0000,0.0500,0.0000
  8315,0.0000,0.0000,0.0000,0.0500,0.0000
  8316,0.0000,0.0000,0.0000,0.0500,0.0000
  8317,0.0000,0.0000,0.0000,0.0000,0.0000
  8318,0.0000,0.0000,0.0000,0.0500,0.0000
  8319,0.0000,0.0000,0.0000,0.0100,0.0000
  8320,0.0000,0.0000,0.0000,0.0500,0.0000
  8321,0.0000,0.0000,0.0000,0.0500,0.0000
  8322,0.0000,0.0000,0.0000,0.0500,0.0000
  8323,0.0000,0.0000,0.0000,0.0500,0.0000
  8324,0.0000,0.0000,0.0000,0.0100,0.0000
  8325,0.0000,0.0000,0.0000,0.0500,0.0000
  8326,0.0000,0.0000,0.0000,0.0500,0.0000
  8327,0.0000,0.0000,0.0000,0.0500,0.0000
  8328,0.0000,0.0000,0.0000,0.0500,0.0000
  8329,0.0000,0.0000,0.0000,0.0500,0.0000
  8330,0.0000,0.0000,0.0000,0.0500,0.0000
  8331,0.0000,0.0000,0.0000,0.0500,0.0000
  8332,0.0000,0.0000,0.0000,0.0500,0.0000
  8333,0.0000,0.0000,0.0000,0.0500,0.0000
  8334,0.0000,0.0000,0.0000,0.0500,0.0000
  8335,0.0000,0.0000,0.0000,0.0500,0.0000
  8336,0.0000,0.0000,0.0000,0.0500,0.0000
  8337,0.0000,0.0000,0.0000,0.0500,0.0000
  8338,0.0000,0.0000,0.0000,0.0500,0.0000
  8339,0.0000,0.0000,0.0000,0.0000,0.0000
  8340,0.0000,0.0000,0.0000,0.0500,0.0000
  8341,0.0000,0.0000,0.0000,0.0000,0.0000
  8342,0.0000,0.0000,0.0000,0.0500,0.0000
  8343,0.0000,0.0000,0.0000,0.0500,0.0000
  8344,0.0000,0.0000,0.0000,0.0500,0.0000
  8345,0.0000,0.0000,0.0000,0.0500,0.0000
  8346,0.0000,0.0000,0.0000,0.0000,0.0000
  8347,0.0000,0.0000,0.0000,0.0000,0.0000
  8348,0.0000,0.0000,0.0000,0.0500,0.0000
  8349,0.0000,0.0000,0.0000,0.0000,0.0000
  8350,0.0000,0.0000,0.0000,0.0100,0.0000
  8351,0.0000,0.0000,0.0000,0.0100,0.0000
  8352,0.0000,0.0000,0.0000,0.0100,0.0000
  8353,0.0000,0.0000,0.0000,0.0100,0.0000
  8354,0.0000,0.0000,0.0000,0.0000,0.0000
  8355,0.0000,0.0000,0.0000,0.0500,0.0000
  8356,0.0000,0.0000,0.0000,0.0500,0.0000
  8357,0.0000,0.0000,0.0000,0.0500,0.0000
  8358,0.0000,0.0000,0.0000,0.0500,0.0000
  8359,0.0000,0.0000,0.0000,0.0500,0.0000
  8360,0.0000,0.0000,0.0000,0.0500,0.0000
  8361,0.0000,0.0000,0.0000,0.0000,0.0000
  8362,0.0000,0.0000,0.0000,0.0000,0.0000
  8363,0.0000,0.0000,0.0000,0.0000,0.0000
  8364,0.0000,0.0000,0.0000,0.0000,0.0000
  8365,0.0000,0.0000,0.0000,0.0000,0.0000
  8366,0.0000,0.0000,0.0000,0.0000,0.0000
  8367,0.0000,0.0000,0.0000,0.0000,0.0000
  8368,0.0000,0.0000,0.0000,0.0000,0.0000
  8369,0.0000,0.0000,0.0000,0.0000,0.0000
  8370,0.0000,0.0000,0.0000,0.0500,0.0000
  8371,0.0000,0.0000,0.0000,0.0500,0.0000
  8372,0.0000,0.0000,0.0000,0.0000,0.0000
  8373,0.0000,0.0000,0.0000,0.0000,0.0000
  8374,0.0000,0.0000,0.0000,0.0500,0.0000
  8375,0.0000,0.0000,0.0000,0.0500,0.0000
  8376,0.0000,0.0000,0.0000,0.0500,0.0000
  8377,0.0000,0.0000,0.0000,0.0500,0.0000
  8378,0.0000,0.0000,0.0000,0.0500,0.0000
  8379,0.0000,0.0000,0.0000,0.0500,0.0000
  8380,0.0000,0.0000,0.0000,0.0500,0.0000
  8381,0.0000,0.0000,0.0000,0.0500,0.0000
  8382,0.0000,0.0000,0.0000,0.0100,0.0000
  8383,0.0000,0.0000,0.0000,0.0500,0.0000
  8384,0.0000,0.0000,0.0000,0.0500,0.0000
  8385,0.0000,0.0000,0.0000,0.0500,0.0000
  8386,0.0000,0.0000,0.0000,0.0500,0.0000
  8387,0.0000,0.0000,0.0000,0.0500,0.0000
  8388,0.0000,0.0000,0.0000,0.0500,0.0000
  8389,0.0000,0.0000,0.0000,0.0500,0.0000
  8390,0.0000,0.0000,0.0000,0.0500,0.0000
  8391,0.0000,0.0000,0.0000,0.0500,0.0000
  8392,0.0000,0.0000,0.0000,0.0500,0.0000
  8393,0.0000,0.0000,0.0000,0.0500,0.0000
  8394,0.0000,0.0000,0.0000,0.0500,0.0000
  8395,0.0000,0.0000,0.0000,0.0500,0.0000
  8396,0.0000,0.0000,0.0000,0.0500,0.0000
  8397,0.0000,0.0000,0.0000,0.0500,0.0000
  8398,0.0000,0.0000,0.0000,0.0500,0.0000
  8399,0.0000,0.0000,0.0000,0.0500,0.0000
  8400,0.0000,0.0000,0.0000,0.0500,0.0000
  8401,0.0000,0.0000,0.0000,0.0500,0.0000
  8402,0.0000,0.0000,0.0000,0.0500,0.0000
  8403,0.0000,0.0000,0.0000,0.0500,0.0000
  8404,0.0000,0.0000,0.0000,0.0500,0.0000
  8405,0.0000,0.0000,0.0000,0.0500,0.0000
  8406,0.0000,0.0000,0.0000,0.0500,0.0000
  8407,0.0000,0.0000,0.0000,0.0500,0.0000
  8408,0.0000,0.0000,0.0000,0.0000,0.0000
  8409,0.0000,0.0000,0.0000,0.0000,0.0000
  8410,0.0000,0.0000,0.0000,0.0500,0.0000
  8411,0.0000,0.0000,0.0000,0.0500,0.0000
  8412,0.0000,0.0000,0.0000,0.0500,0.0000
  8413,0.0000,0.0000,0.0000,0.0500,0.0000
  8414,0.0000,0.0000,0.0000,0.0000,0.0000
  8415,0.0000,0.0000,0.0000,0.0000,0.0100
  8416,0.0000,0.0000,0.0000,0.0000,0.0100
  8417,0.0000,0.0000,0.0000,0.0000,0.0100
  8418,0.0000,0.0000,0.0000,0.0000,0.0000
  8419,0.0000,0.0000,0.0000,0.0000,0.0000
  8420,0.0000,0.0000,0.0000,0.0000,0.0000
  8421,0.0000,0.0000,0.0000,0.0000,0.0000
  8422,0.0000,0.0000,0.0000,0.0000,0.0100
  8423,0.0000,0.0000,0.0000,0.0000,0.0107
  8424,0.0000,0.0000,0.0000,0.0000,0.0117
  8425,0.0000,0.0000,0.0000,0.0500,0.0000
  8426,0.0000,0.0000,0.0000,0.0500,0.0000
  8427,0.0000,0.0000,0.0000,0.0500,0.0000
  8428,0.0000,0.0000,0.0000,0.0500,0.0000
  8429,0.0000,0.0000,0.0000,0.0000,0.0000
  8430,0.0000,0.0000,0.0000,0.0500,0.0000
  8431,0.0000,0.0000,0.0000,0.0500,0.0000
  8432,0.0000,0.0000,0.0000,0.0500,0.0000
  8433,0.0000,0.0000,0.0000,0.0500,0.0000
  8434,0.0000,0.0000,0.0000,0.0500,0.0000
  8435,0.0000,0.0000,0.0000,0.0500,0.0000
  8436,0.0000,0.0000,0.0000,0.0500,0.0000
  8437,0.0000,0.0000,0.0000,0.0500,0.0000
  8438,0.0000,0.0000,0.0000,0.0500,0.0000
  8439,0.0000,0.0000,0.0000,0.0500,0.0000
  8440,0.0000,0.0000,0.0000,0.0500,0.0000
  8441,0.0000,0.0000,0.0000,0.0500,0.0000
  8442,0.0000,0.0000,0.0000,0.0500,0.0000
  8443,0.0000,0.0000,0.0000,0.0500,0.0000
  8444,0.0000,0.0000,0.0000,0.0500,0.0000
  8445,0.0000,0.0000,0.0000,0.0500,0.0000
  8446,0.0000,0.0000,0.0000,0.0500,0.0000
  8447,0.0000,0.0000,0.0000,0.0500,0.0000
  8448,0.0000,0.0000,0.0000,0.0500,0.0000
  8449,0.0000,0.0000,0.0000,0.0500,0.0000
  8450,0.0000,0.0000,0.0000,0.0500,0.0000
  8451,0.0000,0.0000,0.0000,0.0500,0.0000
  8452,0.0000,0.0000,0.0000,0.0500,0.0000
  8453,0.0000,0.0000,0.0000,0.0500,0.0000
  8454,0.0000,0.0000,0.0000,0.0500,0.0000
  8455,0.0000,0.0000,0.0000,0.0500,0.0000
  8456,0.0000,0.0000,0.0000,0.0100,0.0000
  8457,0.0000,0.0000,0.0000,0.0000,0.0000
  8458,0.0000,0.0000,0.0000,0.0100,0.0000
  8459,0.0000,0.0000,0.0000,0.0500,0.0000
  8460,0.0000,0.0000,0.0000,0.0500,0.0000
  8461,0.0000,0.0000,0.0000,0.0500,0.0000
  8462,0.0000,0.0000,0.0000,0.0500,0.0000
  8463,0.0000,0.0000,0.0000,0.0500,0.0000
  8464,0.0000,0.0000,0.0000,0.0500,0.0000
  8465,0.0000,0.0000,0.0000,0.0000,0.0000
  8466,0.0000,0.0000,0.0000,0.0500,0.0000
  8467,0.0000,0.0000,0.0000,0.0500,0.0000
  8468,0.0000,0.0000,0.0000,0.0500,0.0000
  8469,0.0000,0.0000,0.0000,0.0000,0.0000
  8470,0.0000,0.0000,0.0000,0.0100,0.0000
  8471,0.0000,0.0000,0.0000,0.0100,0.0000
  8472,0.0000,0.0000,0.0000,0.0100,0.0000
  8473,0.0000,0.0000,0.0000,0.0500,0.0000
  8474,0.0000,0.0000,0.0000,0.0100,0.0000
  8475,0.0000,0.0000,0.0000,0.0500,0.0000
  8476,0.0000,0.0000,0.0000,0.0500,0.0000
  8477,0.0000,0.0000,0.0000,0.0500,0.0000
  8478,0.0000,0.0000,0.0000,0.0500,0.0000
  8479,0.0000,0.0000,0.0000,0.0500,0.0000
  8480,0.0000,0.0000,0.0000,0.0500,0.0000
  8481,0.0000,0.0000,0.0000,0.0500,0.0000
  8482,0.0000,0.0000,0.0000,0.0500,0.0000
  8483,0.0000,0.0000,0.0000,0.0500,0.0000
  8484,0.0000,0.0000,0.0000,0.0500,0.0000
  8485,0.0000,0.0000,0.0000,0.0500,0.0000
  8486,0.0000,0.0000,0.0000,0.0500,0.0000
  8487,0.0000,0.0000,0.0000,0.0500,0.0000
  8488,0.0000,0.0000,0.0000,0.0000,41.8899
  8489,0.0000,0.0000,0.0000,0.0000,32.0825
  8490,0.0000,0.0000,0.0000,0.0000,42.3165
  8491,0.0000,0.0000,0.0000,0.0000,33.8821
  8492,0.0000,0.0000,0.0000,0.0000,19.9395
  8493,17861.8815,17861.8815,0.0000,0.0000,0.0000
  8494,17877.0772,17877.0772,0.0000,0.0000,0.0000
  8495,0.0000,0.0000,0.0000,0.0000,27.0421
  8496,0.0000,0.0000,0.0000,0.0000,6.4986
  8497,0.0000,0.0000,0.0000,0.0000,12.2695
  8498,0.0000,0.0000,0.0000,0.0000,25.7047
  8499,17447.5836,17447.5836,0.0000,0.0000,0.0000
  8500,16621.5668,16621.5668,0.0000,0.0000,0.0000
  8501,17742.1440,17742.1440,0.0000,0.0000,0.0000
  8502,17830.6871,17830.6871,0.0000,0.0000,0.0000
  8503,0.0000,0.0000,0.0000,0.0000,17.7624
  8504,0.0000,0.0000,0.0000,0.0000,47.6130
  8505,0.0000,0.0000,0.0000,0.0000,48.9980
  8506,0.0000,0.0000,0.0000,0.0000,0.0176
  8507,0.0000,0.0000,0.0000,0.0000,0.0104
  8508,0.0000,0.0000,0.0000,0.0000,49.5696
  8509,0.0000,0.0000,0.0000,0.0000,49.9716
  8510,0.0000,0.0000,0.0000,0.0500,0.0000
  8511,0.0000,0.0000,0.0000,0.0500,0.0000
  8512,0.0000,0.0000,0.0000,0.0500,0.0000
  8513,0.0000,0.0000,0.0000,0.0500,0.0000
  8514,0.0000,0.0000,0.0000,0.0500,0.0000
  8515,0.0000,0.0000,0.0000,0.0500,0.0000
  8516,0.0000,0.0000,0.0000,0.0500,0.0000
  8517,0.0000,0.0000,0.0000,0.0100,0.0000
  8518,0.0000,0.0000,0.0000,0.0500,0.0000
  8519,0.0000,0.0000,0.0000,0.0500,0.0000
  8520,0.0000,0.0000,0.0000,0.0500,0.0000
  8521,0.0000,0.0000,0.0000,0.0500,0.0000
  8522,0.0000,0.0000,0.0000,0.0500,0.0000
  8523,0.0000,0.0000,0.0000,0.0500,0.0000
  8524,0.0000,0.0000,0.0000,0.0500,0.0000
  8525,0.0000,0.0000,0.0000,0.0500,0.0000
  8526,0.0000,0.0000,0.0000,0.0500,0.0000
  8527,0.0000,0.0000,0.0000,0.0500,0.0000
  8528,0.0000,0.0000,0.0000,0.0500,0.0000
  8529,0.0000,0.0000,0.0000,0.0500,0.0000
  8530,0.0000,0.0000,0.0000,0.0500,0.0000
  8531,0.0000,0.0000,0.0000,0.0500,0.0000
  8532,0.0000,0.0000,0.0000,0.0500,0.0000
  8533,0.0000,0.0000,0.0000,0.0500,0.0000
  8534,0.0000,0.0000,0.0000,0.0500,0.0000
  8535,0.0000,0.0000,0.0000,0.0500,0.0000
  8536,0.0000,0.0000,0.0000,0.0500,0.0000
  8537,0.0000,0.0000,0.0000,0.0500,0.0000
  8538,0.0000,0.0000,0.0000,0.0500,0.0000
  8539,0.0000,0.0000,0.0000,0.0500,0.0000
  8540,0.0000,0.0000,0.0000,0.0500,0.0000
  8541,0.0000,0.0000,0.0000,0.0500,0.0000
  8542,0.0000,0.0000,0.0000,0.0500,0.0000
  8543,0.0000,0.0000,0.0000,0.0500,0.0000
  8544,0.0000,0.0000,0.0000,0.0100,0.0000
  8545,0.0000,0.0000,0.0000,0.0000,0.0000
  8546,0.0000,0.0000,0.0000,0.0500,0.0000
  8547,0.0000,0.0000,0.0000,0.0500,0.0000
  8548,0.0000,0.0000,0.0000,0.0500,0.0000
  8549,0.0000,0.0000,0.0000,0.0000,0.0000
  8550,0.0000,0.0000,0.0000,0.0000,0.0000
  8551,0.0000,0.0000,0.0000,0.0000,0.0000
  8552,0.0000,0.0000,0.0000,0.0100,0.0000
  8553,0.0000,0.0000,0.0000,0.0500,0.0000
  8554,0.0000,0.0000,0.0000,0.0500,0.0000
  8555,0.0000,0.0000,0.0000,0.0500,0.0000
  8556,0.0000,0.0000,0.0000,0.0000,0.0000
  8557,0.0000,0.0000,0.0000,0.0500,0.0000
  8558,0.0000,0.0000,0.0000,0.0000,0.0000
  8559,0.0000,0.0000,0.0000,0.0000,0.0000
  8560,0.0000,0.0000,0.0000,0.0000,0.0000
  8561,0.0000,0.0000,0.0000,0.0000,0.0000
  8562,0.0000,0.0000,0.0000,0.0000,0.0000
  8563,0.0000,0.0000,0.0000,0.0000,0.0000
  8564,0.0000,0.0000,0.0000,0.0000,0.0000
  8565,0.0000,0.0000,0.0000,0.0000,0.0000
  8566,0.0000,0.0000,0.0000,0.0000,0.0000
  8567,0.0000,0.0000,0.0000,0.0000,0.0000
  8568,0.0000,0.0000,0.0000,0.0000,0.0000
  8569,0.0000,0.0000,0.0000,0.0000,0.0000
  8570,0.0000,0.0000,0.0000,0.0000,0.0000
  8571,0.0000,0.0000,0.0000,0.0000,0.0000
  8572,0.0000,0.0000,0.0000,0.0500,0.0000
  8573,0.0000,0.0000,0.0000,0.0000,0.0000
  8574,0.0000,0.0000,0.0000,0.0500,0.0000
  8575,0.0000,0.0000,0.0000,0.0500,0.0000
  8576,0.0000,0.0000,0.0000,0.0500,0.0000
  8577,0.0000,0.0000,0.0000,0.0500,0.0000
  8578,0.0000,0.0000,0.0000,0.0000,0.0000
  8579,0.0000,0.0000,0.0000,0.0000,0.0000
  8580,0.0000,0.0000,0.0000,0.0100,0.0000
  8581,0.0000,0.0000,0.0000,0.0500,0.0000
  8582,0.0000,0.0000,0.0000,0.0500,0.0000
  8583,0.0000,0.0000,0.0000,0.0500,0.0000
  8584,0.0000,0.0000,0.0000,0.0500,0.0000
  8585,0.0000,0.0000,0.0000,0.0100,0.0000
  8586,0.0000,0.0000,0.0000,0.0500,0.0000
  8587,0.0000,0.0000,0.0000,0.0500,0.0000
  8588,0.0000,0.0000,0.0000,0.0500,0.0000
  8589,0.0000,0.0000,0.0000,0.0500,0.0000
  8590,0.0000,0.0000,0.0000,0.0500,0.0000
  8591,0.0000,0.0000,0.0000,0.0500,0.0000
  8592,0.0000,0.0000,0.0000,0.0500,0.0000
  8593,0.0000,0.0000,0.0000,0.0500,0.0000
  8594,0.0000,0.0000,0.0000,0.0500,0.0000
  8595,0.0000,0.0000,0.0000,0.0500,0.0000
  8596,0.0000,0.0000,0.0000,0.0500,0.0000
  8597,0.0000,0.0000,0.0000,0.0500,0.0000
  8598,0.0000,0.0000,0.0000,0.0500,0.0000
  8599,0.0000,0.0000,0.0000,0.0500,0.0000
  8600,0.0000,0.0000,0.0000,0.0500,0.0000
  8601,0.0000,0.0000,0.0000,0.0500,0.0000
  8602,0.0000,0.0000,0.0000,0.0500,0.0000
  8603,0.0000,0.0000,0.0000,0.0500,0.0000
  8604,0.0000,0.0000,0.0000,0.0500,0.0000
  8605,0.0000,0.0000,0.0000,0.0500,0.0000
  8606,0.0000,0.0000,0.0000,0.0000,0.0000
  8607,0.0000,0.0000,0.0000,0.0500,0.0000
  8608,0.0000,0.0000,0.0000,0.0500,0.0000
  8609,0.0000,0.0000,0.0000,0.0500,0.0000
  8610,0.0000,0.0000,0.0000,0.0500,0.0000
  8611,0.0000,0.0000,0.0000,0.0500,0.0000
  8612,0.0000,0.0000,0.0000,0.0500,0.0000
  8613,0.0000,0.0000,0.0000,0.0000,0.0000
  8614,0.0000,0.0000,0.0000,0.0000,0.0100
  8615,0.0000,0.0000,0.0000,0.0000,0.0100
  8616,0.0000,0.0000,0.0000,0.0000,0.0100
  8617,0.0000,0.0000,0.0000,0.0000,0.0000
  8618,0.0000,0.0000,0.0000,0.0500,0.0000
  8619,0.0000,0.0000,0.0000,0.0000,0.0000
  8620,0.0000,0.0000,0.0000,0.0000,0.0000
  8621,0.0000,0.0000,0.0000,0.0000,0.0000
  8622,0.0000,0.0000,0.0000,0.0000,0.0100
  8623,0.0000,0.0000,0.0000,0.0000,0.0101
  8624,0.0000,0.0000,0.0000,0.0500,0.0000
  8625,0.0000,0.0000,0.0000,0.0500,0.0000
  8626,0.0000,0.0000,0.0000,0.0500,0.0000
  8627,0.0000,0.0000,0.0000,0.0500,0.0000
  8628,0.0000,0.0000,0.0000,0.0100,0.0000
  8629,0.0000,0.0000,0.0000,0.0100,0.0000
  8630,0.0000,0.0000,0.0000,0.0500,0.0000
  8631,0.0000,0.0000,0.0000,0.0500,0.0000
  8632,0.0000,0.0000,0.0000,0.0500,0.0000
  8633,0.0000,0.0000,0.0000,0.0500,0.0000
  8634,0.0000,0.0000,0.0000,0.0500,0.0000
  8635,0.0000,0.0000,0.0000,0.0500,0.0000
  8636,0.0000,0.0000,0.0000,0.0500,0.0000
  8637,0.0000,0.0000,0.0000,0.0500,0.0000
  8638,0.0000,0.0000,0.0000,0.0500,0.0000
  8639,0.0000,0.0000,0.0000,0.0100,0.0000
  8640,0.0000,0.0000,0.0000,0.0500,0.0000
  8641,0.0000,0.0000,0.0000,0.0500,0.0000
  8642,0.0000,0.0000,0.0000,0.0500,0.0000
  8643,0.0000,0.0000,0.0000,0.0500,0.0000
  8644,0.0000,0.0000,0.0000,0.0500,0.0000
  8645,0.0000,0.0000,0.0000,0.0500,0.0000
  8646,0.0000,0.0000,0.0000,0.0500,0.0000
  8647,0.0000,0.0000,0.0000,0.0500,0.0000
  8648,0.0000,0.0000,0.0000,0.0500,0.0000
  8649,0.0000,0.0000,0.0000,0.0500,0.0000
  8650,0.0000,0.0000,0.0000,0.0500,0.0000
  8651,0.0000,0.0000,0.0000,0.0500,0.0000
  8652,0.0000,0.0000,0.0000,0.0500,0.0000
  8653,0.0000,0.0000,0.0000,0.0500,0.0000
  8654,0.0000,0.0000,0.0000,0.0500,0.0000
  8655,0.0000,0.0000,0.0000,0.0500,0.0000
  8656,0.0000,0.0000,0.0000,0.0100,0.0000
  8657,0.0000,0.0000,0.0000,0.0500,0.0000
  8658,0.0000,0.0000,0.0000,0.0000,0.0000
  8659,0.0000,0.0000,0.0000,0.0000,0.0000
  8660,0.0000,0.0000,0.0000,0.0500,0.0000
  8661,0.0000,0.0000,0.0000,0.0500,0.0000
  8662,0.0000,0.0000,0.0000,0.0500,0.0000
  8663,0.0000,0.0000,0.0000,0.0500,0.0000
  8664,0.0000,0.0000,0.0000,0.0500,0.0000
  8665,0.0000,0.0000,0.0000,0.0500,0.0000
  8666,0.0000,0.0000,0.0000,0.0000,0.0000
  8667,0.0000,0.0000,0.0000,0.0500,0.0000
  8668,0.0000,0.0000,0.0000,0.0000,0.0000
  8669,0.0000,0.0000,0.0000,0.0000,0.0000
  8670,0.0000,0.0000,0.0000,0.0100,0.0000
  8671,0.0000,0.0000,0.0000,0.0100,0.0000
  8672,0.0000,0.0000,0.0000,0.0100,0.0000
  8673,0.0000,0.0000,0.0000,0.0500,0.0000
  8674,0.0000,0.0000,0.0000,0.0500,0.0000
  8675,0.0000,0.0000,0.0000,0.0500,0.0000
  8676,0.0000,0.0000,0.0000,0.0500,0.0000
  8677,0.0000,0.0000,0.0000,0.0500,0.0000
  8678,0.0000,0.0000,0.0000,0.0500,0.0000
  8679,0.0000,0.0000,0.0000,0.0500,0.0000
  8680,0.0000,0.0000,0.0000,0.0500,0.0000
  8681,0.0000,0.0000,0.0000,0.0500,0.0000
  8682,0.0000,0.0000,0.0000,0.0500,0.0000
  8683,0.0000,0.0000,0.0000,0.0500,0.0000
  8684,0.0000,0.0000,0.0000,0.0500,0.0000
  8685,0.0000,0.0000,0.0000,0.0500,0.0000
  8686,0.0000,0.0000,0.0000,0.0500,0.0000
  8687,0.0000,0.0000,0.0000,0.0500,0.0000
  8688,0.0000,0.0000,0.0000,0.0000,14.6414
  8689,0.0000,0.0000,0.0000,0.0000,7.3250
  8690,0.0000,0.0000,0.0000,0.0000,2.7613
  8691,0.0000,0.0000,0.0000,0.0000,0.6725
  8692,0.0000,0.0000,0.0000,0.0000,0.0774
  8693,0.0000,0.0000,0.0000,0.0000,0.0403
  8694,17862.8327,17862.8327,0.0000,0.0000,0.0000
  8695,0.0000,0.0000,0.0000,0.0000,1.0070
  8696,0.0000,0.0000,0.0000,0.0000,0.1532
  8697,0.0000,0.0000,0.0000,0.0000,5.6329
  8698,0.0000,0.0000,0.0000,0.0000,24.9360
  8699,17521.6662,17521.6662,0.0000,0.0000,0.0000
  8700,16851.2895,16851.2895,0.0000,0.0000,0.0000
  8701,17760.3088,17760.3088,0.0000,0.0000,0.0000
  8702,17826.2240,17826.2240,0.0000,0.0000,0.0000
  8703,0.0000,0.0000,0.0000,0.0000,12.2699
  8704,0.0000,0.0000,0.0000,0.0100,0.0000
  8705,0.0000,0.0000,0.0000,0.0000,0.0173
  8706,0.0000,0.0000,0.0000,0.0000,47.0612
  8707,0.0000,0.0000,0.0000,0.0000,49.2572
  8708,0.0000,0.0000,0.0000,0.0000,0.0102
  8709,0.0000,0.0000,0.0000,0.0000,0.0100
  8710,0.0000,0.0000,0.0000,0.0000,49.9795
  8711,0.0000,0.0000,0.0000,0.0500,0.0000
  8712,0.0000,0.0000,0.0000,0.0500,0.0000
  8713,0.0000,0.0000,0.0000,0.0500,0.0000
  8714,0.0000,0.0000,0.0000,0.0500,0.0000
  8715,0.0000,0.0000,0.0000,0.0500,0.0000
  8716,0.0000,0.0000,0.0000,0.0500,0.0000
  8717,0.0000,0.0000,0.0000,0.0500,0.0000
  8718,0.0000,0.0000,0.0000,0.0000,0.0000
  8719,0.0000,0.0000,0.0000,0.0500,0.0000
  8720,0.0000,0.0000,0.0000,0.0500,0.0000
  8721,0.0000,0.0000,0.0000,0.0500,0.0000
  8722,0.0000,0.0000,0.0000,0.0500,0.0000
  8723,0.0000,0.0000,0.0000,0.0500,0.0000
  8724,0.0000,0.0000,0.0000,0.0500,0.0000
  8725,0.0000,0.0000,0.0000,0.0500,0.0000
  8726,0.0000,0.0000,0.0000,0.0500,0.0000
  8727,0.0000,0.0000,0.0000,0.0500,0.0000
  8728,0.0000,0.0000,0.0000,0.0500,0.0000
  8729,0.0000,0.0000,0.0000,0.0500,0.0000
  8730,0.0000,0.0000,0.0000,0.0500,0.0000
  8731,0.0000,0.0000,0.0000,0.0500,0.0000
  8732,0.0000,0.0000,0.0000,0.0500,0.0000
  8733,0.0000,0.0000,0.0000,0.0500,0.0000
  8734,0.0000,0.0000,0.0000,0.0500,0.0000
  8735,0.0000,0.0000,0.0000,0.0500,0.0000
  8736,0.0000,0.0000,0.0000,0.0500,0.0000
  8737,0.0000,0.0000,0.0000,0.0500,0.0000
  8738,0.0000,0.0000,0.0000,0.0500,0.0000
  8739,0.0000,0.0000,0.0000,0.0500,0.0000
  8740,0.0000,0.0000,0.0000,0.0500,0.0000
  8741,0.0000,0.0000,0.0000,0.0500,0.0000
  8742,0.0000,0.0000,0.0000,0.0000,0.0000
  8743,0.0000,0.0000,0.0000,0.0500,0.0000
  8744,0.0000,0.0000,0.0000,0.0500,0.0000
  8745,0.0000,0.0000,0.0000,0.0000,0.0000
  8746,0.0000,0.0000,0.0000,0.0500,0.0000
  8747,0.0000,0.0000,0.0000,0.0500,0.0000
  8748,0.0000,0.0000,0.0000,0.0500,0.0000
  8749,0.0000,0.0000,0.0000,0.0000,0.0000
  8750,0.0000,0.0000,0.0000,0.0000,0.0000
  8751,0.0000,0.0000,0.0000,0.0000,0.0000
  8752,0.0000,0.0000,0.0000,0.0100,0.0000
  8753,0.0000,0.0000,0.0000,0.0000,0.0000
  8754,0.0000,0.0000,0.0000,0.0500,0.0000
  8755,0.0000,0.0000,0.0000,0.0100,0.0000
  8756,0.0000,0.0000,0.0000,0.0100,0.0000
  8757,0.0000,0.0000,0.0000,0.0500,0.0000
  8758,0.0000,0.0000,0.0000,0.0500,0.0000
  8759,0.0000,0.0000,0.0000,0.0500,0.0000
  8760,0.0000,0.0000,0.0000,0.0500,0.0000
  8761,0.0000,0.0000,0.0000,0.0500,0.0000
  8762,0.0000,0.0000,0.0000,0.0500,0.0000
  8763,0.0000,0.0000,0.0000,0.0000,0.0000
  8764,0.0000,0.0000,0.0000,0.0000,0.0000
  8765,0.0000,0.0000,0.0000,0.0500,0.0000
  8766,0.0000,0.0000,0.0000,0.0500,0.0000
  8767,0.0000,0.0000,0.0000,0.0500,0.0000
  8768,0.0000,0.0000,0.0000,0.0500,0.0000
  8769,0.0000,0.0000,0.0000,0.0100,0.0000
  8770,0.0000,0.0000,0.0000,0.0100,0.0000
  8771,0.0000,0.0000,0.0000,0.0500,0.0000
  8772,0.0000,0.0000,0.0000,0.0500,0.0000
  8773,0.0000,0.0000,0.0000,0.0500,0.0000
  8774,0.0000,0.0000,0.0000,0.0500,0.0000
  8775,0.0000,0.0000,0.0000,0.0500,0.0000
  8776,0.0000,0.0000,0.0000,0.0500,0.0000
  8777,0.0000,0.0000,0.0000,0.0500,0.0000
  8778,0.0000,0.0000,0.0000,0.0500,0.0000
  8779,0.0000,0.0000,0.0000,0.0500,0.0000
  8780,0.0000,0.0000,0.0000,0.0500,0.0000
  8781,0.0000,0.0000,0.0000,0.0500,0.0000
  8782,0.0000,0.0000,0.0000,0.0500,0.0000
  8783,0.0000,0.0000,0.0000,0.0500,0.0000
  8784,0.0000,0.0000,0.0000,0.0500,0.0000
  8785,0.0000,0.0000,0.0000,0.0500,0.0000
  8786,0.0000,0.0000,0.0000,0.0500,0.0000
  8787,0.0000,0.0000,0.0000,0.0500,0.0000
  8788,0.0000,0.0000,0.0000,0.0500,0.0000
  8789,0.0000,0.0000,0.0000,0.0500,0.0000
  8790,0.0000,0.0000,0.0000,0.0500,0.0000
  8791,0.0000,0.0000,0.0000,0.0500,0.0000
  8792,0.0000,0.0000,0.0000,0.0500,0.0000
  8793,0.0000,0.0000,0.0000,0.0000,0.0000
  8794,0.0000,0.0000,0.0000,0.0500,0.0000
  8795,0.0000,0.0000,0.0000,0.0500,0.0000
  8796,0.0000,0.0000,0.0000,0.0500,0.0000
  8797,0.0000,0.0000,0.0000,0.0500,0.0000
  8798,0.0000,0.0000,0.0000,0.0000,0.0100
  8799,0.0000,0.0000,0.0000,0.0000,0.0101
  8800,0.0000,0.0000,0.0000,0.0000,0.0000
  8801,0.0000,0.0000,0.0000,0.0000,0.0000
  8802,0.0000,0.0000,0.0000,0.0000,0.0000
  8803,0.0000,0.0000,0.0000,0.0500,0.0000
  8804,0.0000,0.0000,0.0000,0.0000,0.0000
  8805,0.0000,0.0000,0.0000,0.0000,0.0100
  8806,0.0000,0.0000,0.0000,0.0500,0.0000
  8807,0.0000,0.0000,0.0000,0.0500,0.0000
  8808,0.0000,0.0000,0.0000,0.0000,0.0100
  8809,0.0000,0.0000,0.0000,0.0500,0.0000
  8810,0.0000,0.0000,0.0000,0.0500,0.0000
  8811,0.0000,0.0000,0.0000,0.0500,0.0000
  8812,0.0000,0.0000,0.0000,0.0500,0.0000
  8813,0.0000,0.0000,0.0000,0.0500,0.0000
  8814,0.0000,0.0000,0.0000,0.0500,0.0000
  8815,0.0000,0.0000,0.0000,0.0500,0.0000
  8816,0.0000,0.0000,0.0000,0.0100,0.0000
  8817,0.0000,0.0000,0.0000,0.0500,0.0000
  8818,0.0000,0.0000,0.0000,0.0500,0.0000
  8819,0.0000,0.0000,0.0000,0.0500,0.0000
  8820,0.0000,0.0000,0.0000,0.0500,0.0000
  8821,0.0000,0.0000,0.0000,0.0500,0.0000
  8822,0.0000,0.0000,0.0000,0.0500,0.0000
  8823,0.0000,0.0000,0.0000,0.0500,0.0000
  8824,0.0000,0.0000,0.0000,0.0500,0.0000
  8825,0.0000,0.0000,0.0000,0.0500,0.0000
  8826,0.0000,0.0000,0.0000,0.0500,0.0000
  8827,0.0000,0.0000,0.0000,0.0500,0.0000
  8828,0.0000,0.0000,0.0000,0.0500,0.0000
  8829,0.0000,0.0000,0.0000,0.0500,0.0000
  8830,0.0000,0.0000,0.0000,0.0500,0.0000
  8831,0.0000,0.0000,0.0000,0.0500,0.0000
  8832,0.0000,0.0000,0.0000,0.0500,0.0000
  8833,0.0000,0.0000,0.0000,0.0500,0.0000
  8834,0.0000,0.0000,0.0000,0.0500,0.0000
  8835,0.0000,0.0000,0.0000,0.0500,0.0000
  8836,0.0000,0.0000,0.0000,0.0500,0.0000
  8837,0.0000,0.0000,0.0000,0.0500,0.0000
  8838,0.0000,0.0000,0.0000,0.0500,0.0000
  8839,0.0000,0.0000,0.0000,0.0500,0.0000
  8840,0.0000,0.0000,0.0000,0.0500,0.0000
  8841,0.0000,0.0000,0.0000,0.0100,0.0000
  8842,0.0000,0.0000,0.0000,0.0500,0.0000
  8843,0.0000,0.0000,0.0000,0.0100,0.0000
  8844,0.0000,0.0000,0.0000,0.0000,0.0000
  8845,0.0000,0.0000,0.0000,0.0100,0.0000
  8846,0.0000,0.0000,0.0000,0.0100,0.0000
  8847,0.0000,0.0000,0.0000,0.0500,0.0000
  8848,0.0000,0.0000,0.0000,0.0500,0.0000
  8849,0.0000,0.0000,0.0000,0.0500,0.0000
  8850,0.0000,0.0000,0.0000,0.0500,0.0000
  8851,0.0000,0.0000,0.0000,0.0500,0.0000
  8852,0.0000,0.0000,0.0000,0.0500,0.0000
  8853,0.0000,0.0000,0.0000,0.0000,0.0000
  8854,0.0000,0.0000,0.0000,0.0000,0.0000
  8855,0.0000,0.0000,0.0000,0.0100,0.0000
  8856,0.0000,0.0000,0.0000,0.0100,0.0000
  8857,0.0000,0.0000,0.0000,0.0100,0.0000
  8858,0.0000,0.0000,0.0000,0.0100,0.0000
  8859,0.0000,0.0000,0.0000,0.0500,0.0000
  8860,0.0000,0.0000,0.0000,0.0500,0.0000
  8861,0.0000,0.0000,0.0000,0.0500,0.0000
  8862,0.0000,0.0000,0.0000,0.0500,0.0000
  8863,0.0000,0.0000,0.0000,0.0500,0.0000
  8864,0.0000,0.0000,0.0000,0.0500,0.0000
  8865,0.0000,0.0000,0.0000,0.0500,0.0000
  8866,0.0000,0.0000,0.0000,0.0500,0.0000
  8867,0.0000,0.0000,0.0000,0.0500,0.0000
  8868,0.0000,0.0000,0.0000,0.0500,0.0000
  8869,0.0000,0.0000,0.0000,0.0500,0.0000
  8870,0.0000,0.0000,0.0000,0.0500,0.0000
  8871,0.0000,0.0000,0.0000,0.0500,0.0000
  8872,0.0000,0.0000,0.0000,0.0500,0.0000
  8873,0.0000,0.0000,0.0000,0.0500,0.0000
  8874,0.0000,0.0000,0.0000,0.0000,1.4394
  8875,0.0000,0.0000,0.0000,0.0000,0.0460
  8876,0.0000,0.0000,0.0000,0.0500,0.0000
  8877,0.0000,0.0000,0.0000,0.0000,0.0492
  8878,0.0000,0.0000,0.0000,0.0000,0.0482
  8879,0.0000,0.0000,0.0000,0.0000,0.1136
  8880,0.0000,0.0000,0.0000,0.0000,1.6332
  8881,0.0000,0.0000,0.0000,0.0000,11.3659
  8882,0.0000,0.0000,0.0000,0.0000,2.7416
  8883,0.0000,0.0000,0.0000,0.0000,9.2887
  8884,0.0000,0.0000,0.0000,0.0000,34.8661
  8885,17631.1055,17631.1055,0.0000,0.0000,0.0000
  8886,17495.3875,17495.3875,0.0000,0.0000,0.0000
  8887,17779.7610,17779.7610,0.0000,0.0000,0.0000
  8888,0.0000,0.0000,0.0000,0.0000,37.5740
  8889,0.0000,0.0000,0.0000,0.0000,49.7380
  8890,0.0000,0.0000,0.0000,0.0000,0.0186
  8891,0.0000,0.0000,0.0000,0.0000,48.9081
  8892,0.0000,0.0000,0.0000,0.0000,0.0110
  8893,0.0000,0.0000,0.0000,0.0000,48.4602
  8894,0.0000,0.0000,0.0000,0.0000,47.7475
  8895,0.0000,0.0000,0.0000,0.0000,49.9542
  8896,0.0000,0.0000,0.0000,0.0500,0.0000
  8897,0.0000,0.0000,0.0000,0.0500,0.0000
  8898,0.0000,0.0000,0.0000,0.0500,0.0000
  8899,0.0000,0.0000,0.0000,0.0500,0.0000
  8900,0.0000,0.0000,0.0000,0.0500,0.0000
  8901,0.0000,0.0000,0.0000,0.0500,0.0000
  8902,0.0000,0.0000,0.0000,0.0500,0.0000
  8903,0.0000,0.0000,0.0000,0.0000,0.0000
  8904,0.0000,0.0000,0.0000,0.0500,0.0000
  8905,0.0000,0.0000,0.0000,0.0500,0.0000
  8906,0.0000,0.0000,0.0000,0.0500,0.0000
  8907,0.0000,0.0000,0.0000,0.0500,0.0000
  8908,0.0000,0.0000,0.0000,0.0500,0.0000
  8909,0.0000,0.0000,0.0000,0.0500,0.0000
  8910,0.0000,0.0000,0.0000,0.0500,0.0000
  8911,0.0000,0.0000,0.0000,0.0500,0.0000
  8912,0.0000,0.0000,0.0000,0.0100,0.0000
  8913,0.0000,0.0000,0.0000,0.0500,0.0000
  8914,0.0000,0.0000,0.0000,0.0500,0.0000
  8915,0.0000,0.0000,0.0000,0.0500,0.0000
  8916,0.0000,0.0000,0.0000,0.0500,0.0000
  8917,0.0000,0.0000,0.0000,0.0500,0.0000
  8918,0.0000,0.0000,0.0000,0.0500,0.0000
  8919,0.0000,0.0000,0.0000,0.0500,0.0000
  8920,0.0000,0.0000,0.0000,0.0500,0.0000
  8921,0.0000,0.0000,0.0000,0.0500,0.0000
  8922,0.0000,0.0000,0.0000,0.0500,0.0000
  8923,0.0000,0.0000,0.0000,0.0500,0.0000
  8924,0.0000,0.0000,0.0000,0.0500,0.0000
  8925,0.0000,0.0000,0.0000,0.0500,0.0000
  8926,0.0000,0.0000,0.0000,0.0500,0.0000
  8927,0.0000,0.0000,0.0000,0.0500,0.0000
  8928,0.0000,0.0000,0.0000,0.0500,0.0000
  8929,0.0000,0.0000,0.0000,0.0500,0.0000
  8930,0.0000,0.0000,0.0000,0.0100,0.0000
  8931,0.0000,0.0000,0.0000,0.0500,0.0000
  8932,0.0000,0.0000,0.0000,0.0500,0.0000
  8933,0.0000,0.0000,0.0000,0.0500,0.0000
  8934,0.0000,0.0000,0.0000,0.0500,0.0000
  8935,0.0000,0.0000,0.0000,0.0000,0.0000
  8936,0.0000,0.0000,0.0000,0.0000,0.0000
  8937,0.0000,0.0000,0.0000,0.0000,0.0000
  8938,0.0000,0.0000,0.0000,0.0100,0.0000
  8939,0.0000,0.0000,0.0000,0.0000,0.0000
  8940,0.0000,0.0000,0.0000,0.0500,0.0000
  8941,0.0000,0.0000,0.0000,0.0500,0.0000
  8942,0.0000,0.0000,0.0000,0.0100,0.0000
  8943,0.0000,0.0000,0.0000,0.0500,0.0000
  8944,0.0000,0.0000,0.0000,0.0500,0.0000
  8945,0.0000,0.0000,0.0000,0.0500,0.0000
  8946,0.0000,0.0000,0.0000,0.0500,0.0000
  8947,0.0000,0.0000,0.0000,0.0500,0.0000
  8948,0.0000,0.0000,0.0000,0.0500,0.0000
  8949,0.0000,0.0000,0.0000,0.0500,0.0000
  8950,0.0000,0.0000,0.0000,0.0500,0.0000
  8951,0.0000,0.0000,0.0000,0.0500,0.0000
  8952,0.0000,0.0000,0.0000,0.0100,0.0000
  8953,0.0000,0.0000,0.0000,0.0500,0.0000
  8954,0.0000,0.0000,0.0000,0.0500,0.0000
  8955,0.0000,0.0000,0.0000,0.0500,0.0000
  8956,0.0000,0.0000,0.0000,0.0500,0.0000
  8957,0.0000,0.0000,0.0000,0.0500,0.0000
  8958,0.0000,0.0000,0.0000,0.0500,0.0000
  8959,0.0000,0.0000,0.0000,0.0500,0.0000
  8960,0.0000,0.0000,0.0000,0.0500,0.0000
  8961,0.0000,0.0000,0.0000,0.0500,0.0000
  8962,0.0000,0.0000,0.0000,0.0500,0.0000
  8963,0.0000,0.0000,0.0000,0.0500,0.0000
  8964,0.0000,0.0000,0.0000,0.0500,0.0000
  8965,0.0000,0.0000,0.0000,0.0500,0.0000
  8966,0.0000,0.0000,0.0000,0.0500,0.0000
  8967,0.0000,0.0000,0.0000,0.0500,0.0000
  8968,0.0000,0.0000,0.0000,0.0500,0.0000
  8969,0.0000,0.0000,0.0000,0.0500,0.0000
  8970,0.0000,0.0000,0.0000,0.0500,0.0000
  8971,0.0000,0.0000,0.0000,0.0500,0.0000
  8972,0.0000,0.0000,0.0000,0.0500,0.0000
  8973,0.0000,0.0000,0.0000,0.0500,0.0000
  8974,0.0000,0.0000,0.0000,0.0500,0.0000
  8975,0.0000,0.0000,0.0000,0.0500,0.0000
  8976,0.0000,0.0000,0.0000,0.0500,0.0000
  8977,0.0000,0.0000,0.0000,0.0500,0.0000
  8978,0.0000,0.0000,0.0000,0.0500,0.0000
  8979,0.0000,0.0000,0.0000,0.0000,0.0101
  8980,0.0000,0.0000,0.0000,0.0000,0.0117
  8981,0.0000,0.0000,0.0000,0.0000,0.0100
  8982,0.0000,0.0000,0.0000,0.0000,0.0100
  8983,0.0000,0.0000,0.0000,0.0000,0.0000
  8984,0.0000,0.0000,0.0000,0.0500,0.0000
  8985,0.0000,0.0000,0.0000,0.0000,0.0000
  8986,0.0000,0.0000,0.0000,0.0000,0.0100
  8987,0.0000,0.0000,0.0000,0.0500,0.0000
  8988,0.0000,0.0000,0.0000,0.0000,0.0100
  8989,0.0000,0.0000,0.0000,0.0500,0.0000
  8990,0.0000,0.0000,0.0000,0.0000,0.0101
  8991,0.0000,0.0000,0.0000,0.0500,0.0000
  8992,0.0000,0.0000,0.0000,0.0500,0.0000
  8993,0.0000,0.0000,0.0000,0.0500,0.0000
  8994,0.0000,0.0000,0.0000,0.0500,0.0000
  8995,0.0000,0.0000,0.0000,0.0500,0.0000
  8996,0.0000,0.0000,0.0000,0.0500,0.0000
  8997,0.0000,0.0000,0.0000,0.0500,0.0000
  8998,0.0000,0.0000,0.0000,0.0500,0.0000
  8999,0.0000,0.0000,0.0000,0.0500,0.0000
  9000,0.0000,0.0000,0.0000,0.0500,0.0000
  9001,0.0000,0.0000,0.0000,0.0500,0.0000
  9002,0.0000,0.0000,0.0000,0.0500,0.0000
  9003,0.0000,0.0000,0.0000,0.0500,0.0000
  9004,0.0000,0.0000,0.0000,0.0500,0.0000
  9005,0.0000,0.0000,0.0000,0.0500,0.0000
  9006,0.0000,0.0000,0.0000,0.0500,0.0000
  9007,0.0000,0.0000,0.0000,0.0500,0.0000
  9008,0.0000,0.0000,0.0000,0.0500,0.0000
  9009,0.0000,0.0000,0.0000,0.0500,0.0000
  9010,0.0000,0.0000,0.0000,0.0500,0.0000
  9011,0.0000,0.0000,0.0000,0.0500,0.0000
  9012,0.0000,0.0000,0.0000,0.0500,0.0000
  9013,0.0000,0.0000,0.0000,0.0500,0.0000
  9014,0.0000,0.0000,0.0000,0.0500,0.0000
  9015,0.0000,0.0000,0.0000,0.0500,0.0000
  9016,0.0000,0.0000,0.0000,0.0500,0.0000
  9017,0.0000,0.0000,0.0000,0.0500,0.0000
  9018,0.0000,0.0000,0.0000,0.0500,0.0000
  9019,0.0000,0.0000,0.0000,0.0000,0.0000
  9020,0.0000,0.0000,0.0000,0.0500,0.0000
  9021,0.0000,0.0000,0.0000,0.0500,0.0000
  9022,0.0000,0.0000,0.0000,0.0000,0.0000
  9023,0.0000,0.0000,0.0000,0.0500,0.0000
  9024,0.0000,0.0000,0.0000,0.0000,0.0000
  9025,0.0000,0.0000,0.0000,0.0100,0.0000
  9026,0.0000,0.0000,0.0000,0.0100,0.0000
  9027,0.0000,0.0000,0.0000,0.0100,0.0000
  9028,0.0000,0.0000,0.0000,0.0500,0.0000
  9029,0.0000,0.0000,0.0000,0.0500,0.0000
  9030,0.0000,0.0000,0.0000,0.0500,0.0000
  9031,0.0000,0.0000,0.0000,0.0500,0.0000
  9032,0.0000,0.0000,0.0000,0.0500,0.0000
  9033,0.0000,0.0000,0.0000,0.0500,0.0000
  9034,0.0000,0.0000,0.0000,0.0000,0.0000
  9035,0.0000,0.0000,0.0000,0.0000,0.0000
  9036,0.0000,0.0000,0.0000,0.0100,0.0000
  9037,0.0000,0.0000,0.0000,0.0100,0.0000
  9038,0.0000,0.0000,0.0000,0.0100,0.0000
  9039,0.0000,0.0000,0.0000,0.0100,0.0000
  9040,0.0000,0.0000,0.0000,0.0500,0.0000
  9041,0.0000,0.0000,0.0000,0.0500,0.0000
  9042,0.0000,0.0000,0.0000,0.0500,0.0000
  9043,0.0000,0.0000,0.0000,0.0500,0.0000
  9044,0.0000,0.0000,0.0000,0.0500,0.0000
  9045,0.0000,0.0000,0.0000,0.0000,1.2322
  9046,0.0000,0.0000,0.0000,0.0000,0.3613
  9047,0.0000,0.0000,0.0000,0.0000,1.0789
  9048,0.0000,0.0000,0.0000,0.0000,0.1702
  9049,0.0000,0.0000,0.0000,0.0500,0.0000
  9050,0.0000,0.0000,0.0000,0.0500,0.0000
  9051,0.0000,0.0000,0.0000,0.0500,0.0000
  9052,0.0000,0.0000,0.0000,0.0500,0.0000
  9053,0.0000,0.0000,0.0000,0.0500,0.0000
  9054,0.0000,0.0000,0.0000,0.0000,3.5819
  9055,0.0000,0.0000,0.0000,0.0000,0.4691
  9056,0.0000,0.0000,0.0000,0.0000,7.7830
  9057,0.0000,0.0000,0.0000,0.0000,26.7777
  9058,0.0000,0.0000,0.0000,0.0000,14.5589
  9059,0.0000,0.0000,0.0000,0.0000,16.0051
  9060,0.0000,0.0000,0.0000,0.0000,37.0387
  9061,0.0000,0.0000,0.0000,0.0000,36.1527
  9062,0.0000,0.0000,0.0000,0.0000,15.2242
  9063,0.0000,0.0000,0.0000,0.0000,38.7644
  9064,0.0000,0.0000,0.0000,0.0000,34.7467
  9065,0.0000,0.0000,0.0000,0.0000,44.4052
  9066,17452.3255,17452.3255,0.0000,0.0000,0.0000
  9067,17795.3655,17795.3655,0.0000,0.0000,0.0000
  9068,17826.6742,17826.6742,0.0000,0.0000,0.0000
  9069,0.0000,0.0000,0.0000,0.0000,35.5867
  9070,0.0000,0.0000,0.0000,0.0000,49.6541
  9071,0.0000,0.0000,0.0000,0.0000,0.0561
  9072,0.0000,0.0000,0.0000,0.0000,49.7720
  9073,0.0000,0.0000,0.0000,0.0000,49.7154
  9074,0.0000,0.0000,0.0000,0.0000,49.9812
  9075,0.0000,0.0000,0.0000,0.0500,0.0000
  9076,0.0000,0.0000,0.0000,0.0500,0.0000
  9077,0.0000,0.0000,0.0000,0.0500,0.0000
  9078,0.0000,0.0000,0.0000,0.0500,0.0000
  9079,0.0000,0.0000,0.0000,0.0500,0.0000
  9080,0.0000,0.0000,0.0000,0.0500,0.0000
  9081,0.0000,0.0000,0.0000,0.0000,0.0000
  9082,0.0000,0.0000,0.0000,0.0000,0.0000
  9083,0.0000,0.0000,0.0000,0.0500,0.0000
  9084,0.0000,0.0000,0.0000,0.0500,0.0000
  9085,0.0000,0.0000,0.0000,0.0500,0.0000
  9086,0.0000,0.0000,0.0000,0.0500,0.0000
  9087,0.0000,0.0000,0.0000,0.0100,0.0000
  9088,0.0000,0.0000,0.0000,0.0000,0.0000
  9089,0.0000,0.0000,0.0000,0.0000,0.0000
  9090,0.0000,0.0000,0.0000,0.0500,0.0000
  9091,0.0000,0.0000,0.0000,0.0500,0.0000
  9092,0.0000,0.0000,0.0000,0.0500,0.0000
  9093,0.0000,0.0000,0.0000,0.0500,0.0000
  9094,0.0000,0.0000,0.0000,0.0500,0.0000
  9095,0.0000,0.0000,0.0000,0.0500,0.0000
  9096,0.0000,0.0000,0.0000,0.0500,0.0000
  9097,0.0000,0.0000,0.0000,0.0500,0.0000
  9098,0.0000,0.0000,0.0000,0.0500,0.0000
  9099,0.0000,0.0000,0.0000,0.0500,0.0000
  9100,0.0000,0.0000,0.0000,0.0500,0.0000
  9101,0.0000,0.0000,0.0000,0.0500,0.0000
  9102,0.0000,0.0000,0.0000,0.0500,0.0000
  9103,0.0000,0.0000,0.0000,0.0500,0.0000
  9104,0.0000,0.0000,0.0000,0.0500,0.0000
  9105,0.0000,0.0000,0.0000,0.0500,0.0000
  9106,0.0000,0.0000,0.0000,0.0500,0.0000
  9107,0.0000,0.0000,0.0000,0.0000,0.0000
  9108,0.0000,0.0000,0.0000,0.0100,0.0000
  9109,0.0000,0.0000,0.0000,0.0100,0.0000
  9110,0.0000,0.0000,0.0000,0.0000,0.0000
  9111,0.0000,0.0000,0.0000,0.0500,0.0000
  9112,0.0000,0.0000,0.0000,0.0000,0.0000
  9113,0.0000,0.0000,0.0000,0.0500,0.0000
  9114,0.0000,0.0000,0.0000,0.0500,0.0000
  9115,0.0000,0.0000,0.0000,0.0500,0.0000
  9116,0.0000,0.0000,0.0000,0.0500,0.0000
  9117,0.0000,0.0000,0.0000,0.0500,0.0000
  9118,0.0000,0.0000,0.0000,0.0500,0.0000
  9119,0.0000,0.0000,0.0000,0.0500,0.0000
  9120,0.0000,0.0000,0.0000,0.0500,0.0000
  9121,0.0000,0.0000,0.0000,0.0500,0.0000
  9122,0.0000,0.0000,0.0000,0.0100,0.0000
  9123,0.0000,0.0000,0.0000,0.0500,0.0000
  9124,0.0000,0.0000,0.0000,0.0000,0.0000
  9125,0.0000,0.0000,0.0000,0.0500,0.0000
  9126,0.0000,0.0000,0.0000,0.0500,0.0000
  9127,0.0000,0.0000,0.0000,0.0500,0.0000
  9128,0.0000,0.0000,0.0000,0.0500,0.0000
  9129,0.0000,0.0000,0.0000,0.0500,0.0000
  9130,0.0000,0.0000,0.0000,0.0500,0.0000
  9131,0.0000,0.0000,0.0000,0.0500,0.0000
  9132,0.0000,0.0000,0.0000,0.0500,0.0000
  9133,0.0000,0.0000,0.0000,0.0500,0.0000
  9134,0.0000,0.0000,0.0000,0.0500,0.0000
  9135,0.0000,0.0000,0.0000,0.0500,0.0000
  9136,0.0000,0.0000,0.0000,0.0500,0.0000
  9137,0.0000,0.0000,0.0000,0.0500,0.0000
  9138,0.0000,0.0000,0.0000,0.0500,0.0000
  9139,0.0000,0.0000,0.0000,0.0500,0.0000
  9140,0.0000,0.0000,0.0000,0.0500,0.0000
  9141,0.0000,0.0000,0.0000,0.0500,0.0000
  9142,0.0000,0.0000,0.0000,0.0500,0.0000
  9143,0.0000,0.0000,0.0000,0.0500,0.0000
  9144,0.0000,0.0000,0.0000,0.0500,0.0000
  9145,0.0000,0.0000,0.0000,0.0500,0.0000
  9146,0.0000,0.0000,0.0000,0.0500,0.0000
  9147,0.0000,0.0000,0.0000,0.0500,0.0000
  9148,0.0000,0.0000,0.0000,0.0500,0.0000
  9149,0.0000,0.0000,0.0000,0.0500,0.0000
  9150,0.0000,0.0000,0.0000,0.0000,0.0144
  9151,0.0000,0.0000,0.0000,0.0000,10.4639
  9152,0.0000,0.0000,0.0000,0.0500,0.0000
  9153,0.0000,0.0000,0.0000,0.0000,0.0100
  9154,0.0000,0.0000,0.0000,0.0000,0.0100
  9155,0.0000,0.0000,0.0000,0.0000,0.0100
  9156,0.0000,0.0000,0.0000,0.0500,0.0000
  9157,0.0000,0.0000,0.0000,0.0000,0.0100
  9158,0.0000,0.0000,0.0000,0.0500,0.0000
  9159,0.0000,0.0000,0.0000,0.0000,0.0101
  9160,0.0000,0.0000,0.0000,0.0500,0.0000
  9161,0.0000,0.0000,0.0000,0.0000,0.0108
  9162,0.0000,0.0000,0.0000,0.0500,0.0000
  9163,0.0000,0.0000,0.0000,0.0500,0.0000
  9164,0.0000,0.0000,0.0000,0.0000,0.7691
  9165,0.0000,0.0000,0.0000,0.0500,0.0000
  9166,0.0000,0.0000,0.0000,0.0500,0.0000
  9167,0.0000,0.0000,0.0000,0.0500,0.0000
  9168,0.0000,0.0000,0.0000,0.0500,0.0000
  9169,0.0000,0.0000,0.0000,0.0500,0.0000
  9170,0.0000,0.0000,0.0000,0.0500,0.0000
  9171,0.0000,0.0000,0.0000,0.0500,0.0000
  9172,0.0000,0.0000,0.0000,0.0500,0.0000
  9173,0.0000,0.0000,0.0000,0.0500,0.0000
  9174,0.0000,0.0000,0.0000,0.0500,0.0000
  9175,0.0000,0.0000,0.0000,0.0500,0.0000
  9176,0.0000,0.0000,0.0000,0.0500,0.0000
  9177,0.0000,0.0000,0.0000,0.0500,0.0000
  9178,0.0000,0.0000,0.0000,0.0500,0.0000
  9179,0.0000,0.0000,0.0000,0.0500,0.0000
  9180,0.0000,0.0000,0.0000,0.0500,0.0000
  9181,0.0000,0.0000,0.0000,0.0500,0.0000
  9182,0.0000,0.0000,0.0000,0.0500,0.0000
  9183,0.0000,0.0000,0.0000,0.0500,0.0000
  9184,0.0000,0.0000,0.0000,0.0500,0.0000
  9185,0.0000,0.0000,0.0000,0.0500,0.0000
  9186,0.0000,0.0000,0.0000,0.0500,0.0000
  9187,0.0000,0.0000,0.0000,0.0500,0.0000
  9188,0.0000,0.0000,0.0000,0.0500,0.0000
  9189,0.0000,0.0000,0.0000,0.0500,0.0000
  9190,0.0000,0.0000,0.0000,0.0500,0.0000
  9191,0.0000,0.0000,0.0000,0.0500,0.0000
  9192,0.0000,0.0000,0.0000,0.0500,0.0000
  9193,0.0000,0.0000,0.0000,0.0500,0.0000
  9194,0.0000,0.0000,0.0000,0.0500,0.0000
  9195,0.0000,0.0000,0.0000,0.0000,0.0000
  9196,0.0000,0.0000,0.0000,0.0000,0.0000
  9197,0.0000,0.0000,0.0000,0.0000,0.0000
  9198,0.0000,0.0000,0.0000,0.0100,0.0000
  9199,0.0000,0.0000,0.0000,0.0100,0.0000
  9200,0.0000,0.0000,0.0000,0.0500,0.0000
  9201,0.0000,0.0000,0.0000,0.0500,0.0000
  9202,0.0000,0.0000,0.0000,0.0500,0.0000
  9203,0.0000,0.0000,0.0000,0.0500,0.0000
  9204,0.0000,0.0000,0.0000,0.0000,3.8660
  9205,0.0000,0.0000,0.0000,0.0000,12.9171
  9206,0.0000,0.0000,0.0000,0.0500,0.0000
  9207,0.0000,0.0000,0.0000,0.0000,28.8085
  9208,0.0000,0.0000,0.0000,0.0000,36.9572
  9209,0.0000,0.0000,0.0000,0.0000,33.1733
  9210,0.0000,0.0000,0.0000,0.0000,25.8588
  9211,0.0000,0.0000,0.0000,0.0500,0.0000
  9212,0.0000,0.0000,0.0000,0.0500,0.0000
  9213,0.0000,0.0000,0.0000,0.0500,0.0000
  9214,0.0000,0.0000,0.0000,0.0500,0.0000
  9215,0.0000,0.0000,0.0000,0.0000,30.4559
  9216,0.0000,0.0000,0.0000,0.0000,40.0922
  9217,0.0000,0.0000,0.0000,0.0000,40.6108
  9218,0.0000,0.0000,0.0000,0.0000,41.9877
  9219,0.0000,0.0000,0.0000,0.0000,46.9454
  9220,0.0000,0.0000,0.0000,0.0000,45.8794
  9221,0.0000,0.0000,0.0000,0.0000,47.0471
  9222,0.0000,0.0000,0.0000,0.0000,48.0627
  9223,0.0000,0.0000,0.0000,0.0000,48.5191
  9224,0.0000,0.0000,0.0000,0.0000,48.7165
  9225,0.0000,0.0000,0.0000,0.0000,49.3643
  9226,0.0000,0.0000,0.0000,0.0000,49.5142
  9227,17605.5132,17605.5132,0.0000,0.0000,0.0000
  9228,0.0000,0.0000,0.0000,0.0000,0.0000
  9229,17847.3552,17847.3552,0.0000,0.0000,0.0000
  9230,0.0000,0.0000,0.0000,0.0000,36.0579
  9231,0.0000,0.0000,0.0000,0.0000,45.8253
  9232,0.0000,0.0000,0.0000,0.0000,49.4008
  9233,0.0000,0.0000,0.0000,0.0000,49.8172
  9234,0.0000,0.0000,0.0000,0.0000,0.0000
  9235,17897.8265,17897.8265,0.0000,0.0000,0.0000
  9236,0.0000,0.0000,0.0000,0.0100,0.0000
  9237,0.0000,0.0000,0.0000,0.0000,0.0000
  9238,0.0000,0.0000,0.0000,0.0100,0.0000
  9239,0.0000,0.0000,0.0000,0.0000,0.0000
  9240,0.0000,0.0000,0.0000,0.0000,0.0000
  9241,0.0000,0.0000,0.0000,0.0000,0.0000
  9242,0.0000,0.0000,0.0000,0.0000,0.0000
  9243,0.0000,0.0000,0.0000,0.0000,0.0000
  9244,0.0000,0.0000,0.0000,0.0500,0.0000
  9245,0.0000,0.0000,0.0000,0.0500,0.0000
  9246,0.0000,0.0000,0.0000,0.0500,0.0000
  9247,0.0000,0.0000,0.0000,0.0500,0.0000
  9248,0.0000,0.0000,0.0000,0.0100,0.0000
  9249,0.0000,0.0000,0.0000,0.0000,0.0000
  9250,0.0000,0.0000,0.0000,0.0100,0.0000
  9251,0.0000,0.0000,0.0000,0.0000,0.0000
  9252,0.0000,0.0000,0.0000,0.0500,0.0000
  9253,0.0000,0.0000,0.0000,0.0100,0.0000
  9254,0.0000,0.0000,0.0000,0.0500,0.0000
  9255,0.0000,0.0000,0.0000,0.0500,0.0000
  9256,0.0000,0.0000,0.0000,0.0500,0.0000
  9257,0.0000,0.0000,0.0000,0.0500,0.0000
  9258,0.0000,0.0000,0.0000,0.0500,0.0000
  9259,0.0000,0.0000,0.0000,0.0500,0.0000
  9260,0.0000,0.0000,0.0000,0.0500,0.0000
  9261,0.0000,0.0000,0.0000,0.0500,0.0000
  9262,0.0000,0.0000,0.0000,0.0500,0.0000
  9263,0.0000,0.0000,0.0000,0.0500,0.0000
  9264,0.0000,0.0000,0.0000,0.0500,0.0000
  9265,0.0000,0.0000,0.0000,0.0500,0.0000
  9266,0.0000,0.0000,0.0000,0.0500,0.0000
  9267,0.0000,0.0000,0.0000,0.0500,0.0000
  9268,0.0000,0.0000,0.0000,0.0500,0.0000
  9269,0.0000,0.0000,0.0000,0.0100,0.0000
  9270,0.0000,0.0000,0.0000,0.0100,0.0000
  9271,0.0000,0.0000,0.0000,0.0100,0.0000
  9272,0.0000,0.0000,0.0000,0.0500,0.0000
  9273,0.0000,0.0000,0.0000,0.0500,0.0000
  9274,0.0000,0.0000,0.0000,0.0500,0.0000
  9275,0.0000,0.0000,0.0000,0.0000,0.0000
  9276,0.0000,0.0000,0.0000,0.0000,0.0000
  9277,0.0000,0.0000,0.0000,0.0500,0.0000
  9278,0.0000,0.0000,0.0000,0.0500,0.0000
  9279,0.0000,0.0000,0.0000,0.0500,0.0000
  9280,0.0000,0.0000,0.0000,0.0100,0.0000
  9281,0.0000,0.0000,0.0000,0.0100,0.0000
  9282,0.0000,0.0000,0.0000,0.0500,0.0000
  9283,0.0000,0.0000,0.0000,0.0500,0.0000
  9284,0.0000,0.0000,0.0000,0.0500,0.0000
  9285,0.0000,0.0000,0.0000,0.0500,0.0000
  9286,0.0000,0.0000,0.0000,0.0500,0.0000
  9287,0.0000,0.0000,0.0000,0.0500,0.0000
  9288,0.0000,0.0000,0.0000,0.0500,0.0000
  9289,0.0000,0.0000,0.0000,0.0500,0.0000
  9290,0.0000,0.0000,0.0000,0.0500,0.0000
  9291,0.0000,0.0000,0.0000,0.0500,0.0000
  9292,0.0000,0.0000,0.0000,0.0500,0.0000
  9293,0.0000,0.0000,0.0000,0.0500,0.0000
  9294,0.0000,0.0000,0.0000,0.0500,0.0000
  9295,0.0000,0.0000,0.0000,0.0500,0.0000
  9296,0.0000,0.0000,0.0000,0.0500,0.0000
  9297,0.0000,0.0000,0.0000,0.0500,0.0000
  9298,0.0000,0.0000,0.0000,0.0500,0.0000
  9299,0.0000,0.0000,0.0000,0.0500,0.0000
  9300,0.0000,0.0000,0.0000,0.0500,0.0000
  9301,0.0000,0.0000,0.0000,0.0500,0.0000
  9302,0.0000,0.0000,0.0000,0.0500,0.0000
  9303,0.0000,0.0000,0.0000,0.0500,0.0000
  9304,0.0000,0.0000,0.0000,0.0500,0.0000
  9305,0.0000,0.0000,0.0000,0.0500,0.0000
  9306,0.0000,0.0000,0.0000,0.0000,39.5055
  9307,0.0000,0.0000,0.0000,0.0000,40.5387
  9308,0.0000,0.0000,0.0000,0.0000,36.8985
  9309,0.0000,0.0000,0.0000,0.0500,0.0000
  9310,0.0000,0.0000,0.0000,0.0500,0.0000
  9311,0.0000,0.0000,0.0000,0.0500,0.0000
  9312,0.0000,0.0000,0.0000,0.0000,0.0100
  9313,0.0000,0.0000,0.0000,0.0500,0.0000
  9314,0.0000,0.0000,0.0000,0.0500,0.0000
  9315,0.0000,0.0000,0.0000,0.0000,0.0101
  9316,0.0000,0.0000,0.0000,0.0500,0.0000
  9317,0.0000,0.0000,0.0000,0.0500,0.0000
  9318,0.0000,0.0000,0.0000,0.0000,0.0110
  9319,0.0000,0.0000,0.0000,0.0500,0.0000
  9320,0.0000,0.0000,0.0000,0.0000,32.6169
  9321,0.0000,0.0000,0.0000,0.0500,0.0000
  9322,0.0000,0.0000,0.0000,0.0500,0.0000
  9323,0.0000,0.0000,0.0000,0.0000,45.7743
  9324,0.0000,0.0000,0.0000,0.0500,0.0000
  9325,0.0000,0.0000,0.0000,0.0500,0.0000
  9326,0.0000,0.0000,0.0000,0.0500,0.0000
  9327,0.0000,0.0000,0.0000,0.0500,0.0000
  9328,0.0000,0.0000,0.0000,0.0000,18.4293
  9329,0.0000,0.0000,0.0000,0.0000,1.6351
  9330,0.0000,0.0000,0.0000,0.0000,0.0445
  9331,0.0000,0.0000,0.0000,0.0000,0.0207
  9332,0.0000,0.0000,0.0000,0.0000,0.0154
  9333,0.0000,0.0000,0.0000,0.0000,47.7089
  9334,0.0000,0.0000,0.0000,0.0000,48.0033
  9335,0.0000,0.0000,0.0000,0.0000,47.0475
  9336,0.0000,0.0000,0.0000,0.0000,44.7393
  9337,0.0000,0.0000,0.0000,0.0000,0.0314
  9338,0.0000,0.0000,0.0000,0.0000,0.0962
  9339,0.0000,0.0000,0.0000,0.0000,10.3440
  9340,0.0000,0.0000,0.0000,0.0000,48.5106
  9341,0.0000,0.0000,0.0000,0.0000,47.1514
  9342,0.0000,0.0000,0.0000,0.0000,43.0801
  9343,0.0000,0.0000,0.0000,0.0000,48.4335
  9344,0.0000,0.0000,0.0000,0.0000,48.7240
  9345,0.0000,0.0000,0.0000,0.0000,49.4730
  9346,0.0000,0.0000,0.0000,0.0000,49.4806
  9347,0.0000,0.0000,0.0000,0.0000,49.4085
  9348,0.0000,0.0000,0.0000,0.0000,49.5348
  9349,0.0000,0.0000,0.0000,0.0000,49.7823
  9350,0.0000,0.0000,0.0000,0.0000,0.0000
  9351,0.0000,0.0000,0.0000,0.0000,49.8730
  9352,0.0000,0.0000,0.0000,0.0000,0.0000
  9353,0.0000,0.0000,0.0000,0.0000,0.0000
  9354,17859.1949,17859.1949,0.0000,0.0000,0.0000
  9355,0.0000,0.0000,0.0000,0.0000,0.0000
  9356,0.0000,0.0000,0.0000,0.0000,42.5580
  9357,0.0000,0.0000,0.0000,0.0000,46.7551
  9358,17670.0585,17670.0585,0.0000,0.0000,0.0000
  9359,17827.0461,17827.0461,0.0000,0.0000,0.0000
  9360,17824.8932,17824.8932,0.0000,0.0000,0.0000
  9361,17896.2938,17896.2938,0.0000,0.0000,0.0000
  9362,17824.3452,17824.3452,0.0000,0.0000,0.0000
  9363,0.0000,0.0000,0.0000,0.0500,0.0000
  9364,0.0000,0.0000,0.0000,0.0000,0.0000
  9365,0.0000,0.0000,0.0000,0.0000,0.0000
  9366,0.0000,0.0000,0.0000,0.0000,0.0000
  9367,0.0000,0.0000,0.0000,0.0500,0.0000
  9368,0.0000,0.0000,0.0000,0.0000,0.0000
  9369,0.0000,0.0000,0.0000,0.0000,0.0000
  9370,0.0000,0.0000,0.0000,0.0500,0.0000
  9371,0.0000,0.0000,0.0000,0.0500,0.0000
  9372,0.0000,0.0000,0.0000,0.0500,0.0000
  9373,0.0000,0.0000,0.0000,0.0100,0.0000
  9374,0.0000,0.0000,0.0000,0.0500,0.0000
  9375,0.0000,0.0000,0.0000,0.0000,0.0000
  9376,0.0000,0.0000,0.0000,0.0000,0.0000
  9377,0.0000,0.0000,0.0000,0.0000,0.0000
  9378,0.0000,0.0000,0.0000,0.0000,0.0000
  9379,0.0000,0.0000,0.0000,0.0100,0.0000
  9380,0.0000,0.0000,0.0000,0.0000,0.0000
  9381,0.0000,0.0000,0.0000,0.0500,0.0000
  9382,0.0000,0.0000,0.0000,0.0500,0.0000
  9383,0.0000,0.0000,0.0000,0.0500,0.0000
  9384,0.0000,0.0000,0.0000,0.0500,0.0000
  9385,0.0000,0.0000,0.0000,0.0500,0.0000
  9386,0.0000,0.0000,0.0000,0.0500,0.0000
  9387,0.0000,0.0000,0.0000,0.0500,0.0000
  9388,0.0000,0.0000,0.0000,0.0500,0.0000
  9389,0.0000,0.0000,0.0000,0.0500,0.0000
  9390,0.0000,0.0000,0.0000,0.0500,0.0000
  9391,0.0000,0.0000,0.0000,0.0500,0.0000
  9392,0.0000,0.0000,0.0000,0.0500,0.0000
  9393,0.0000,0.0000,0.0000,0.0500,0.0000
  9394,0.0000,0.0000,0.0000,0.0500,0.0000
  9395,0.0000,0.0000,0.0000,0.0500,0.0000
  9396,0.0000,0.0000,0.0000,0.0500,0.0000
  9397,0.0000,0.0000,0.0000,0.0500,0.0000
  9398,0.0000,0.0000,0.0000,0.0500,0.0000
  9399,0.0000,0.0000,0.0000,0.0500,0.0000
  9400,0.0000,0.0000,0.0000,0.0500,0.0000
  9401,0.0000,0.0000,0.0000,0.0100,0.0000
  9402,0.0000,0.0000,0.0000,0.0000,0.0000
  9403,0.0000,0.0000,0.0000,0.0500,0.0000
  9404,0.0000,0.0000,0.0000,0.0500,0.0000
  9405,0.0000,0.0000,0.0000,0.0500,0.0000
  9406,0.0000,0.0000,0.0000,0.0500,0.0000
  9407,0.0000,0.0000,0.0000,0.0000,0.0000
  9408,0.0000,0.0000,0.0000,0.0500,0.0000
  9409,0.0000,0.0000,0.0000,0.0100,0.0000
  9410,0.0000,0.0000,0.0000,0.0100,0.0000
  9411,0.0000,0.0000,0.0000,0.0500,0.0000
  9412,0.0000,0.0000,0.0000,0.0500,0.0000
  9413,0.0000,0.0000,0.0000,0.0500,0.0000
  9414,0.0000,0.0000,0.0000,0.0500,0.0000
  9415,0.0000,0.0000,0.0000,0.0500,0.0000
  9416,0.0000,0.0000,0.0000,0.0500,0.0000
  9417,0.0000,0.0000,0.0000,0.0500,0.0000
  9418,0.0000,0.0000,0.0000,0.0500,0.0000
  9419,0.0000,0.0000,0.0000,0.0500,0.0000
  9420,0.0000,0.0000,0.0000,0.0500,0.0000
  9421,0.0000,0.0000,0.0000,0.0500,0.0000
  9422,0.0000,0.0000,0.0000,0.0500,0.0000
  9423,0.0000,0.0000,0.0000,0.0500,0.0000
  9424,0.0000,0.0000,0.0000,0.0500,0.0000
  9425,0.0000,0.0000,0.0000,0.0500,0.0000
  9426,0.0000,0.0000,0.0000,0.0500,0.0000
  9427,0.0000,0.0000,0.0000,0.0500,0.0000
  9428,0.0000,0.0000,0.0000,0.0500,0.0000
  9429,0.0000,0.0000,0.0000,0.0500,0.0000
  9430,0.0000,0.0000,0.0000,0.0500,0.0000
  9431,0.0000,0.0000,0.0000,0.0500,0.0000
  9432,0.0000,0.0000,0.0000,0.0500,0.0000
  9433,0.0000,0.0000,0.0000,0.0500,0.0000
  9434,0.0000,0.0000,0.0000,0.0500,0.0000
  9435,0.0000,0.0000,0.0000,0.0500,0.0000
  9436,0.0000,0.0000,0.0000,0.0100,0.0000
  9437,0.0000,0.0000,0.0000,0.0000,42.4620
  9438,17071.1273,17071.1273,0.0000,0.0000,0.0000
  9439,0.0000,0.0000,0.0000,0.0500,0.0000
  9440,0.0000,0.0000,0.0000,0.0500,0.0000
  9441,0.0000,0.0000,0.0000,0.0500,0.0000
  9442,0.0000,0.0000,0.0000,0.0500,0.0000
  9443,0.0000,0.0000,0.0000,0.0500,0.0000
  9444,0.0000,0.0000,0.0000,0.0000,0.0100
  9445,0.0000,0.0000,0.0000,0.0500,0.0000
  9446,0.0000,0.0000,0.0000,0.0500,0.0000
  9447,0.0000,0.0000,0.0000,0.0000,0.0124
  9448,0.0000,0.0000,0.0000,0.0500,0.0000
  9449,0.0000,0.0000,0.0000,0.0000,0.0305
  9450,0.0000,0.0000,0.0000,0.0000,0.0100
  9451,0.0000,0.0000,0.0000,0.0000,0.1852
  9452,0.0000,0.0000,0.0000,0.0000,40.2997
  9453,0.0000,0.0000,0.0000,0.0000,45.2556
  9454,0.0000,0.0000,0.0000,0.0500,0.0000
  9455,0.0000,0.0000,0.0000,0.0500,0.0000
  9456,12322.1674,12322.1674,0.0000,0.0000,0.0000
  9457,0.0000,0.0000,0.0000,0.0100,0.0000
  9458,0.0000,0.0000,0.0000,0.0500,0.0000
  9459,0.0000,0.0000,0.0000,0.0500,0.0000
  9460,0.0000,0.0000,0.0000,0.0500,0.0000
  9461,0.0000,0.0000,0.0000,0.0500,0.0000
  9462,0.0000,0.0000,0.0000,0.0000,11.7824
  9463,0.0000,0.0000,0.0000,0.0000,0.2113
  9464,0.0000,0.0000,0.0000,0.0000,47.3200
  9465,0.0000,0.0000,0.0000,0.0000,32.8021
  9466,0.0000,0.0000,0.0000,0.0000,0.9752
  9467,0.0000,0.0000,0.0000,0.0000,0.2707
  9468,0.0000,0.0000,0.0000,0.0000,0.2352
  9469,0.0000,0.0000,0.0000,0.0000,8.5769
  9470,0.0000,0.0000,0.0000,0.0000,4.2710
  9471,0.0000,0.0000,0.0000,0.0000,0.2979
  9472,0.0000,0.0000,0.0000,0.0000,49.0397
  9473,0.0000,0.0000,0.0000,0.0000,48.8809
  9474,0.0000,0.0000,0.0000,0.0000,49.2810
  9475,0.0000,0.0000,0.0000,0.0000,14.1874
  9476,0.0000,0.0000,0.0000,0.0000,49.7901
  9477,0.0000,0.0000,0.0000,0.0000,49.1668
  9478,0.0000,0.0000,0.0000,0.0000,49.8336
  9479,0.0000,0.0000,0.0000,0.0000,45.0583
  9480,0.0000,0.0000,0.0000,0.0000,49.2575
  9481,0.0000,0.0000,0.0000,0.0000,0.0000
  9482,0.0000,0.0000,0.0000,0.0000,0.0000
  9483,0.0000,0.0000,0.0000,0.0000,0.0000
  9484,0.0000,0.0000,0.0000,0.0000,0.0000
  9485,0.0000,0.0000,0.0000,0.0000,49.5408
  9486,0.0000,0.0000,0.0000,0.0000,49.7954
  9487,0.0000,0.0000,0.0000,0.0000,49.8101
  9488,0.0000,0.0000,0.0000,0.0000,0.0000
  9489,0.0000,0.0000,0.0000,0.0000,0.0000
  9490,0.0000,0.0000,0.0000,0.0000,0.0000
  9491,0.0000,0.0000,0.0000,0.0000,0.0000
  9492,0.0000,0.0000,0.0000,0.0000,0.0000
  9493,0.0000,0.0000,0.0000,0.0000,0.0000
  9494,0.0000,0.0000,0.0000,0.0000,0.0000
  9495,0.0000,0.0000,0.0000,0.0000,0.0000
  9496,17503.2650,17503.2650,0.0000,0.0000,0.0000
  9497,17778.1213,17778.1213,0.0000,0.0000,0.0000
  9498,0.0000,0.0000,0.0000,0.0000,0.0000
  9499,17782.1721,17782.1721,0.0000,0.0000,0.0000
  9500,17894.6335,17894.6335,0.0000,0.0000,0.0000
  9501,17850.1184,17850.1184,0.0000,0.0000,0.0000
  9502,9894.3743,9894.3743,0.0000,0.0000,0.0000
  9503,0.0000,0.0000,0.0000,0.0500,0.0000
  9504,0.0000,0.0000,0.0000,0.0000,0.0000
  9505,0.0000,0.0000,0.0000,0.0000,0.0000
  9506,0.0000,0.0000,0.0000,0.0000,0.0000
  9507,0.0000,0.0000,0.0000,0.0000,0.0000
  9508,0.0000,0.0000,0.0000,0.0000,0.0000
  9509,0.0000,0.0000,0.0000,0.0000,0.0000
  9510,0.0000,0.0000,0.0000,0.0000,0.0000
  9511,0.0000,0.0000,0.0000,0.0000,0.0000
  9512,0.0000,0.0000,0.0000,0.0100,0.0000
  9513,0.0000,0.0000,0.0000,0.0500,0.0000
  9514,0.0000,0.0000,0.0000,0.0500,0.0000
  9515,0.0000,0.0000,0.0000,0.0500,0.0000
  9516,0.0000,0.0000,0.0000,0.0100,0.0000
  9517,0.0000,0.0000,0.0000,0.0100,0.0000
  9518,0.0000,0.0000,0.0000,0.0000,0.0000
  9519,0.0000,0.0000,0.0000,0.0000,0.0000
  9520,0.0000,0.0000,0.0000,0.0000,0.0000
  9521,0.0000,0.0000,0.0000,0.0100,0.0000
  9522,0.0000,0.0000,0.0000,0.0100,0.0000
  9523,0.0000,0.0000,0.0000,0.0000,0.0000
  9524,0.0000,0.0000,0.0000,0.0000,0.0000
  9525,0.0000,0.0000,0.0000,0.0500,0.0000
  9526,0.0000,0.0000,0.0000,0.0500,0.0000
  9527,0.0000,0.0000,0.0000,0.0500,0.0000
  9528,0.0000,0.0000,0.0000,0.0500,0.0000
  9529,0.0000,0.0000,0.0000,0.0500,0.0000
  9530,0.0000,0.0000,0.0000,0.0500,0.0000
  9531,0.0000,0.0000,0.0000,0.0500,0.0000
  9532,0.0000,0.0000,0.0000,0.0500,0.0000
  9533,0.0000,0.0000,0.0000,0.0500,0.0000
  9534,0.0000,0.0000,0.0000,0.0500,0.0000
  9535,0.0000,0.0000,0.0000,0.0500,0.0000
  9536,0.0000,0.0000,0.0000,0.0500,0.0000
  9537,0.0000,0.0000,0.0000,0.0500,0.0000
  9538,0.0000,0.0000,0.0000,0.0000,0.0000
  9539,0.0000,0.0000,0.0000,0.0500,0.0000
  9540,0.0000,0.0000,0.0000,0.0500,0.0000
  9541,0.0000,0.0000,0.0000,0.0500,0.0000
  9542,0.0000,0.0000,0.0000,0.0500,0.0000
  9543,0.0000,0.0000,0.0000,0.0500,0.0000
  9544,0.0000,0.0000,0.0000,0.0500,0.0000
  9545,0.0000,0.0000,0.0000,0.0500,0.0000
  9546,0.0000,0.0000,0.0000,0.0500,0.0000
  9547,0.0000,0.0000,0.0000,0.0500,0.0000
  9548,0.0000,0.0000,0.0000,0.0000,0.0000
  9549,0.0000,0.0000,0.0000,0.0100,0.0000
  9550,0.0000,0.0000,0.0000,0.0500,0.0000
  9551,0.0000,0.0000,0.0000,0.0500,0.0000
  9552,0.0000,0.0000,0.0000,0.0500,0.0000
  9553,0.0000,0.0000,0.0000,0.0500,0.0000
  9554,0.0000,0.0000,0.0000,0.0500,0.0000
  9555,0.0000,0.0000,0.0000,0.0500,0.0000
  9556,0.0000,0.0000,0.0000,0.0500,0.0000
  9557,0.0000,0.0000,0.0000,0.0500,0.0000
  9558,0.0000,0.0000,0.0000,0.0500,0.0000
  9559,0.0000,0.0000,0.0000,0.0500,0.0000
  9560,0.0000,0.0000,0.0000,0.0500,0.0000
  9561,0.0000,0.0000,0.0000,0.0500,0.0000
  9562,0.0000,0.0000,0.0000,0.0500,0.0000
  9563,0.0000,0.0000,0.0000,0.0500,0.0000
  9564,0.0000,0.0000,0.0000,0.0500,0.0000
  9565,0.0000,0.0000,0.0000,0.0500,0.0000
  9566,0.0000,0.0000,0.0000,0.0500,0.0000
  9567,0.0000,0.0000,0.0000,0.0500,0.0000
  9568,0.0000,0.0000,0.0000,0.0500,0.0000
  9569,0.0000,0.0000,0.0000,0.0500,0.0000
  9570,0.0000,0.0000,0.0000,0.0500,0.0000
  9571,0.0000,0.0000,0.0000,0.0500,0.0000
  9572,0.0000,0.0000,0.0000,0.0500,0.0000
  9573,0.0000,0.0000,0.0000,0.0500,0.0000
  9574,0.0000,0.0000,0.0000,0.0100,0.0000
  9575,0.0000,0.0000,0.0000,0.0100,0.0000
  9576,0.0000,0.0000,0.0000,0.0100,0.0000
  9577,0.0000,0.0000,0.0000,0.0500,0.0000
  9578,0.0000,0.0000,0.0000,0.0100,0.0000
  9579,0.0000,0.0000,0.0000,0.0100,0.0000
  9580,14781.6482,14781.6482,0.0000,0.0000,0.0000
  9581,0.0000,0.0000,0.0000,0.0500,0.0000
  9582,0.0000,0.0000,0.0000,0.0500,0.0000
  9583,0.0000,0.0000,0.0000,0.0500,0.0000
  9584,0.0000,0.0000,0.0000,0.0500,0.0000
  9585,0.0000,0.0000,0.0000,0.0000,0.0100
  9586,0.0000,0.0000,0.0000,0.0500,0.0000
  9587,0.0000,0.0000,0.0000,0.0000,0.0111
  9588,0.0000,0.0000,0.0000,0.0000,0.0100
  9589,0.0000,0.0000,0.0000,0.0500,0.0000
  9590,0.0000,0.0000,0.0000,0.0500,0.0000
  9591,0.0000,0.0000,0.0000,0.0500,0.0000
  9592,0.0000,0.0000,0.0000,0.0000,0.0297
  9593,0.0000,0.0000,0.0000,0.0500,0.0000
  9594,0.0000,0.0000,0.0000,0.0000,2.3970
  9595,0.0000,0.0000,0.0000,0.0500,0.0000
  9596,0.0000,0.0000,0.0000,0.0500,0.0000
  9597,0.0000,0.0000,0.0000,0.0000,16.3497
  9598,0.0000,0.0000,0.0000,0.0000,0.0292
  9599,0.0000,0.0000,0.0000,0.0500,0.0000
  9600,386.1432,386.1432,0.0000,0.0000,0.0000
  9601,0.0000,0.0000,0.0000,0.0100,0.0000
  9602,0.0000,0.0000,0.0000,0.0500,0.0000
  9603,0.0000,0.0000,0.0000,0.0500,0.0000
  9604,0.0000,0.0000,0.0000,0.0500,0.0000
  9605,0.0000,0.0000,0.0000,0.0500,0.0000
  9606,0.0000,0.0000,0.0000,0.0000,49.1070
  9607,0.0000,0.0000,0.0000,0.0000,46.7931
  9608,0.0000,0.0000,0.0000,0.0000,38.5593
  9609,0.0000,0.0000,0.0000,0.0000,24.5493
  9610,0.0000,0.0000,0.0000,0.0000,33.8285
  9611,0.0000,0.0000,0.0000,0.0000,42.4078
  9612,0.0000,0.0000,0.0000,0.0000,49.5907
  9613,0.0000,0.0000,0.0000,0.0000,0.0000
  9614,0.0000,0.0000,0.0000,0.0000,49.8081
  9615,0.0000,0.0000,0.0000,0.0000,0.0000
  9616,0.0000,0.0000,0.0000,0.0000,49.4316
  9617,0.0000,0.0000,0.0000,0.0000,49.7534
  9618,0.0000,0.0000,0.0000,0.0000,0.0000
  9619,0.0000,0.0000,0.0000,0.0000,0.0000
  9620,0.0000,0.0000,0.0000,0.0000,48.3596
  9621,0.0000,0.0000,0.0000,0.0000,0.0000
  9622,0.0000,0.0000,0.0000,0.0000,0.0000
  9623,0.0000,0.0000,0.0000,0.0000,0.0000
  9624,0.0000,0.0000,0.0000,0.0000,0.0000
  9625,0.0000,0.0000,0.0000,0.0000,0.0000
  9626,0.0000,0.0000,0.0000,0.0000,0.0000
  9627,0.0000,0.0000,0.0000,0.0000,0.0000
  9628,0.0000,0.0000,0.0000,0.0000,0.0000
  9629,0.0000,0.0000,0.0000,0.0000,0.0000
  9630,0.0000,0.0000,0.0000,0.0000,0.0000
  9631,0.0000,0.0000,0.0000,0.0000,0.0000
  9632,0.0000,0.0000,0.0000,0.0000,0.0000
  9633,0.0000,0.0000,0.0000,0.0000,0.0000
  9634,0.0000,0.0000,0.0000,0.0000,0.0000
  9635,0.0000,0.0000,0.0000,0.0000,0.0000
  9636,0.0000,0.0000,0.0000,0.0000,0.0000
  9637,0.0000,0.0000,0.0000,0.0000,0.0000
  9638,460.4986,460.4986,0.0000,0.0000,0.0000
  9639,1975.8361,1975.8361,0.0000,0.0000,0.0000
  9640,0.0000,0.0000,0.0000,0.0000,0.0000
  9641,0.0000,0.0000,0.0000,0.0000,0.0000
  9642,17893.3662,17893.3662,0.0000,0.0000,0.0000
  9643,17491.6421,17491.6421,0.0000,0.0000,0.0000
  9644,0.0000,0.0000,0.0000,0.0000,0.0000
  9645,0.0000,0.0000,0.0000,0.0000,0.0000
  9646,0.0000,0.0000,0.0000,0.0000,0.0000
  9647,0.0000,0.0000,0.0000,0.0000,0.0000
  9648,0.0000,0.0000,0.0000,0.0100,0.0000
  9649,0.0000,0.0000,0.0000,0.0100,0.0000
  9650,0.0000,0.0000,0.0000,0.0000,0.0000
  9651,0.0000,0.0000,0.0000,0.0000,0.0000
  9652,0.0000,0.0000,0.0000,0.0100,0.0000
  9653,0.0000,0.0000,0.0000,0.0000,0.0000
  9654,0.0000,0.0000,0.0000,0.0000,0.0000
  9655,0.0000,0.0000,0.0000,0.0500,0.0000
  9656,0.0000,0.0000,0.0000,0.0500,0.0000
  9657,0.0000,0.0000,0.0000,0.0000,0.0000
  9658,0.0000,0.0000,0.0000,0.0000,0.0000
  9659,0.0000,0.0000,0.0000,0.0000,0.0000
  9660,0.0000,0.0000,0.0000,0.0000,0.0000
  9661,0.0000,0.0000,0.0000,0.0000,0.0000
  9662,0.0000,0.0000,0.0000,0.0100,0.0000
  9663,0.0000,0.0000,0.0000,0.0000,0.0000
  9664,0.0000,0.0000,0.0000,0.0000,0.0000
  9665,0.0000,0.0000,0.0000,0.0500,0.0000
  9666,0.0000,0.0000,0.0000,0.0500,0.0000
  9667,0.0000,0.0000,0.0000,0.0500,0.0000
  9668,0.0000,0.0000,0.0000,0.0500,0.0000
  9669,0.0000,0.0000,0.0000,0.0500,0.0000
  9670,0.0000,0.0000,0.0000,0.0500,0.0000
  9671,0.0000,0.0000,0.0000,0.0500,0.0000
  9672,0.0000,0.0000,0.0000,0.0500,0.0000
  9673,0.0000,0.0000,0.0000,0.0500,0.0000
  9674,0.0000,0.0000,0.0000,0.0500,0.0000
  9675,0.0000,0.0000,0.0000,0.0500,0.0000
  9676,0.0000,0.0000,0.0000,0.0500,0.0000
  9677,0.0000,0.0000,0.0000,0.0500,0.0000
  9678,0.0000,0.0000,0.0000,0.0500,0.0000
  9679,0.0000,0.0000,0.0000,0.0500,0.0000
  9680,0.0000,0.0000,0.0000,0.0000,0.0000
  9681,0.0000,0.0000,0.0000,0.0500,0.0000
  9682,0.0000,0.0000,0.0000,0.0500,0.0000
  9683,0.0000,0.0000,0.0000,0.0500,0.0000
  9684,0.0000,0.0000,0.0000,0.0500,0.0000
  9685,0.0000,0.0000,0.0000,0.0500,0.0000
  9686,0.0000,0.0000,0.0000,0.0500,0.0000
  9687,0.0000,0.0000,0.0000,0.0500,0.0000
  9688,0.0000,0.0000,0.0000,0.0500,0.0000
  9689,0.0000,0.0000,0.0000,0.0000,0.0000
  9690,0.0000,0.0000,0.0000,0.0500,0.0000
  9691,0.0000,0.0000,0.0000,0.0000,0.0000
  9692,0.0000,0.0000,0.0000,0.0000,0.0000
  9693,0.0000,0.0000,0.0000,0.0500,0.0000
  9694,0.0000,0.0000,0.0000,0.0500,0.0000
  9695,0.0000,0.0000,0.0000,0.0500,0.0000
  9696,0.0000,0.0000,0.0000,0.0500,0.0000
  9697,0.0000,0.0000,0.0000,0.0500,0.0000
  9698,0.0000,0.0000,0.0000,0.0500,0.0000
  9699,0.0000,0.0000,0.0000,0.0500,0.0000
  9700,0.0000,0.0000,0.0000,0.0500,0.0000
  9701,0.0000,0.0000,0.0000,0.0500,0.0000
  9702,0.0000,0.0000,0.0000,0.0500,0.0000
  9703,0.0000,0.0000,0.0000,0.0500,0.0000
  9704,0.0000,0.0000,0.0000,0.0500,0.0000
  9705,0.0000,0.0000,0.0000,0.0500,0.0000
  9706,0.0000,0.0000,0.0000,0.0500,0.0000
  9707,0.0000,0.0000,0.0000,0.0500,0.0000
  9708,0.0000,0.0000,0.0000,0.0500,0.0000
  9709,0.0000,0.0000,0.0000,0.0500,0.0000
  9710,0.0000,0.0000,0.0000,0.0500,0.0000
  9711,0.0000,0.0000,0.0000,0.0500,0.0000
  9712,0.0000,0.0000,0.0000,0.0500,0.0000
  9713,0.0000,0.0000,0.0000,0.0100,0.0000
  9714,0.0000,0.0000,0.0000,0.0500,0.0000
  9715,0.0000,0.0000,0.0000,0.0100,0.0000
  9716,0.0000,0.0000,0.0000,0.0100,0.0000
  9717,0.0000,0.0000,0.0000,0.0100,0.0000
  9718,0.0000,0.0000,0.0000,0.0100,0.0000
  9719,0.0000,0.0000,0.0000,0.0500,0.0000
  9720,0.0000,0.0000,0.0000,0.0500,0.0000
  9721,0.0000,0.0000,0.0000,0.0000,0.0000
  9722,0.0000,0.0000,0.0000,0.0500,0.0000
  9723,0.0000,0.0000,0.0000,0.0500,0.0000
  9724,0.0000,0.0000,0.0000,0.0500,0.0000
  9725,0.0000,0.0000,0.0000,0.0000,0.0101
  9726,0.0000,0.0000,0.0000,0.0000,0.0107
  9727,0.0000,0.0000,0.0000,0.0000,0.0100
  9728,0.0000,0.0000,0.0000,0.0500,0.0000
  9729,0.0000,0.0000,0.0000,0.0000,0.0103
  9730,0.0000,0.0000,0.0000,0.0500,0.0000
  9731,0.0000,0.0000,0.0000,0.0500,0.0000
  9732,0.0000,0.0000,0.0000,0.0000,0.0117
  9733,0.0000,0.0000,0.0000,0.0000,0.0139
  9734,0.0000,0.0000,0.0000,0.0100,0.0000
  9735,0.0000,0.0000,0.0000,0.0500,0.0000
  9736,0.0000,0.0000,0.0000,0.0500,0.0000
  9737,0.0000,0.0000,0.0000,0.0500,0.0000
  9738,0.0000,0.0000,0.0000,0.0100,0.0000
  9739,0.0000,0.0000,0.0000,0.0000,0.0100
  9740,0.0000,0.0000,0.0000,0.0100,0.0000
  9741,0.0000,0.0000,0.0000,0.0100,0.0000
  9742,0.0000,0.0000,0.0000,0.0500,0.0000
  9743,0.0000,0.0000,0.0000,0.0500,0.0000
  9744,0.0000,0.0000,0.0000,0.0500,0.0000
  9745,0.0000,0.0000,0.0000,0.0500,0.0000
  9746,0.0000,0.0000,0.0000,0.0500,0.0000
  9747,0.0000,0.0000,0.0000,0.0000,49.6221
  9748,0.0000,0.0000,0.0000,0.0000,0.0000
  9749,0.0000,0.0000,0.0000,0.0000,48.0625
  9750,0.0000,0.0000,0.0000,0.0000,0.0000
  9751,0.0000,0.0000,0.0000,0.0000,0.0000
  9752,0.0000,0.0000,0.0000,0.0000,0.0000
  9753,0.0000,0.0000,0.0000,0.0000,0.0000
  9754,0.0000,0.0000,0.0000,0.0000,0.0000
  9755,0.0000,0.0000,0.0000,0.0000,0.0000
  9756,0.0000,0.0000,0.0000,0.0000,0.0000
  9757,0.0000,0.0000,0.0000,0.0000,0.0000
  9758,0.0000,0.0000,0.0000,0.0000,0.0000
  9759,0.0000,0.0000,0.0000,0.0000,0.0000
  9760,0.0000,0.0000,0.0000,0.0000,0.0000
  9761,0.0000,0.0000,0.0000,0.0000,0.0000
  9762,0.0000,0.0000,0.0000,0.0000,0.0000
  9763,0.0000,0.0000,0.0000,0.0000,0.0000
  9764,17891.8241,17891.8241,0.0000,0.0000,0.0000
  9765,16723.0338,16723.0338,0.0000,0.0000,0.0000
  9766,0.0000,0.0000,0.0000,0.0000,0.0000
  9767,0.0000,0.0000,0.0000,0.0000,0.0000
  9768,0.0000,0.0000,0.0000,0.0000,0.0000
  9769,0.0000,0.0000,0.0000,0.0000,0.0000
  9770,0.0000,0.0000,0.0000,0.0000,0.0000
  9771,0.0000,0.0000,0.0000,0.0000,0.0000
  9772,0.0000,0.0000,0.0000,0.0000,0.0000
  9773,0.0000,0.0000,0.0000,0.0000,0.0000
  9774,0.0000,0.0000,0.0000,0.0000,0.0000
  9775,0.0000,0.0000,0.0000,0.0000,0.0000
  9776,0.0000,0.0000,0.0000,0.0000,0.0000
  9777,0.0000,0.0000,0.0000,0.0100,0.0000
  9778,0.0000,0.0000,0.0000,0.0000,0.0000
  9779,0.0000,0.0000,0.0000,0.0000,0.0000
  9780,0.0000,0.0000,0.0000,0.0500,0.0000
  9781,0.0000,0.0000,0.0000,0.0500,0.0000
  9782,0.0000,0.0000,0.0000,0.0000,0.0000
  9783,0.0000,0.0000,0.0000,0.0000,0.0000
  9784,0.0000,0.0000,0.0000,0.0000,0.0000
  9785,0.0000,0.0000,0.0000,0.0000,0.0000
  9786,0.0000,0.0000,0.0000,0.0000,0.0000
  9787,0.0000,0.0000,0.0000,0.0000,0.0000
  9788,0.0000,0.0000,0.0000,0.0000,0.0000
  9789,0.0000,0.0000,0.0000,0.0500,0.0000
  9790,0.0000,0.0000,0.0000,0.0500,0.0000
  9791,0.0000,0.0000,0.0000,0.0500,0.0000
  9792,0.0000,0.0000,0.0000,0.0500,0.0000
  9793,0.0000,0.0000,0.0000,0.0500,0.0000
  9794,0.0000,0.0000,0.0000,0.0500,0.0000
  9795,0.0000,0.0000,0.0000,0.0500,0.0000
  9796,0.0000,0.0000,0.0000,0.0500,0.0000
  9797,0.0000,0.0000,0.0000,0.0500,0.0000
  9798,0.0000,0.0000,0.0000,0.0500,0.0000
  9799,0.0000,0.0000,0.0000,0.0500,0.0000
  9800,0.0000,0.0000,0.0000,0.0500,0.0000
  9801,0.0000,0.0000,0.0000,0.0500,0.0000
  9802,0.0000,0.0000,0.0000,0.0500,0.0000
  9803,0.0000,0.0000,0.0000,0.0500,0.0000
  9804,0.0000,0.0000,0.0000,0.0500,0.0000
  9805,0.0000,0.0000,0.0000,0.0500,0.0000
  9806,0.0000,0.0000,0.0000,0.0500,0.0000
  9807,0.0000,0.0000,0.0000,0.0500,0.0000
  9808,0.0000,0.0000,0.0000,0.0500,0.0000
  9809,0.0000,0.0000,0.0000,0.0500,0.0000
  9810,0.0000,0.0000,0.0000,0.0500,0.0000
  9811,0.0000,0.0000,0.0000,0.0500,0.0000
  9812,0.0000,0.0000,0.0000,0.0500,0.0000
  9813,0.0000,0.0000,0.0000,0.0000,0.0000
  9814,0.0000,0.0000,0.0000,0.0000,0.0000
  9815,0.0000,0.0000,0.0000,0.0000,0.0000
  9816,0.0000,0.0000,0.0000,0.0500,0.0000
  9817,0.0000,0.0000,0.0000,0.0500,0.0000
  9818,0.0000,0.0000,0.0000,0.0500,0.0000
  9819,0.0000,0.0000,0.0000,0.0500,0.0000
  9820,0.0000,0.0000,0.0000,0.0500,0.0000
  9821,0.0000,0.0000,0.0000,0.0500,0.0000
  9822,0.0000,0.0000,0.0000,0.0500,0.0000
  9823,0.0000,0.0000,0.0000,0.0500,0.0000
  9824,0.0000,0.0000,0.0000,0.0500,0.0000
  9825,0.0000,0.0000,0.0000,0.0500,0.0000
  9826,0.0000,0.0000,0.0000,0.0500,0.0000
  9827,0.0000,0.0000,0.0000,0.0500,0.0000
  9828,0.0000,0.0000,0.0000,0.0100,0.0000
  9829,0.0000,0.0000,0.0000,0.0500,0.0000
  9830,0.0000,0.0000,0.0000,0.0500,0.0000
  9831,0.0000,0.0000,0.0000,0.0100,0.0000
  9832,0.0000,0.0000,0.0000,0.0100,0.0000
  9833,0.0000,0.0000,0.0000,0.0500,0.0000
  9834,0.0000,0.0000,0.0000,0.0000,0.0000
  9835,0.0000,0.0000,0.0000,0.0100,0.0000
  9836,0.0000,0.0000,0.0000,0.0000,0.0000
  9837,0.0000,0.0000,0.0000,0.0100,0.0000
  9838,0.0000,0.0000,0.0000,0.0000,0.0000
  9839,0.0000,0.0000,0.0000,0.0000,0.0000
  9840,0.0000,0.0000,0.0000,0.0500,0.0000
  9841,0.0000,0.0000,0.0000,0.0500,0.0000
  9842,0.0000,0.0000,0.0000,0.0500,0.0000
  9843,0.0000,0.0000,0.0000,0.0000,0.0538
  9844,0.0000,0.0000,0.0000,0.0000,0.0554
  9845,0.0000,0.0000,0.0000,0.0000,0.0103
  9846,0.0000,0.0000,0.0000,0.0000,0.0112
  9847,0.0000,0.0000,0.0000,0.0500,0.0000
  9848,0.0000,0.0000,0.0000,0.0500,0.0000
  9849,0.0000,0.0000,0.0000,0.0500,0.0000
  9850,0.0000,0.0000,0.0000,0.0500,0.0000
  9851,0.0000,0.0000,0.0000,0.0000,0.0102
  9852,0.0000,0.0000,0.0000,0.0500,0.0000
  9853,0.0000,0.0000,0.0000,0.0000,0.0000
  9854,0.0000,0.0000,0.0000,0.0000,0.0000
  9855,0.0000,0.0000,0.0000,0.0000,0.0100
  9856,0.0000,0.0000,0.0000,0.0000,0.0100
  9857,0.0000,0.0000,0.0000,0.0000,0.0100
  9858,0.0000,0.0000,0.0000,0.0000,0.0000
  9859,0.0000,0.0000,0.0000,0.0000,0.0000
  9860,0.0000,0.0000,0.0000,0.0100,0.0000
  9861,0.0000,0.0000,0.0000,0.0500,0.0000
  9862,0.0000,0.0000,0.0000,0.0500,0.0000
  9863,0.0000,0.0000,0.0000,0.0500,0.0000
  9864,0.0000,0.0000,0.0000,0.0000,0.0000
  9865,0.0000,0.0000,0.0000,0.0500,0.0000
  9866,0.0000,0.0000,0.0000,0.0500,0.0000
  9867,0.0000,0.0000,0.0000,0.0500,0.0000
  9868,0.0000,0.0000,0.0000,0.0500,0.0000
  9869,0.0000,0.0000,0.0000,0.0500,0.0000
  9870,0.0000,0.0000,0.0000,0.0500,0.0000
  9871,0.0000,0.0000,0.0000,0.0000,0.0000
  9872,0.0000,0.0000,0.0000,0.0000,0.0000
  9873,0.0000,0.0000,0.0000,0.0000,0.0000
  9874,0.0000,0.0000,0.0000,0.0000,0.0000
  9875,0.0000,0.0000,0.0000,0.0000,0.0000
  9876,0.0000,0.0000,0.0000,0.0000,0.0000
  9877,0.0000,0.0000,0.0000,0.0000,0.0000
  9878,17450.4573,17450.4573,0.0000,0.0000,0.0000
  9879,366.5903,366.5903,0.0000,0.0000,0.0000
  9880,0.0000,0.0000,0.0000,0.0000,0.0000
  9881,0.0000,0.0000,0.0000,0.0000,0.0000
  9882,0.0000,0.0000,0.0000,0.0000,0.0000
  9883,0.0000,0.0000,0.0000,0.0000,0.0000
  9884,0.0000,0.0000,0.0000,0.0000,0.0000
  9885,0.0000,0.0000,0.0000,0.0000,0.0000
  9886,0.0000,0.0000,0.0000,0.0000,0.0000
  9887,0.0000,0.0000,0.0000,0.0100,0.0000
  9888,0.0000,0.0000,0.0000,0.0000,0.0000
  9889,0.0000,0.0000,0.0000,0.0000,0.0000
  9890,0.0000,0.0000,0.0000,0.0000,0.0000
  9891,0.0000,0.0000,0.0000,0.0000,0.0000
  9892,0.0000,0.0000,0.0000,0.0000,0.0000
  9893,0.0000,0.0000,0.0000,0.0000,0.0000
  9894,0.0000,0.0000,0.0000,0.0000,0.0000
  9895,0.0000,0.0000,0.0000,0.0500,0.0000
  9896,0.0000,0.0000,0.0000,0.0500,0.0000
  9897,0.0000,0.0000,0.0000,0.0000,0.0000
  9898,0.0000,0.0000,0.0000,0.0000,0.0000
  9899,0.0000,0.0000,0.0000,0.0000,0.0000
  9900,0.0000,0.0000,0.0000,0.0100,0.0000
  9901,0.0000,0.0000,0.0000,0.0000,0.0000
  9902,0.0000,0.0000,0.0000,0.0500,0.0000
  9903,0.0000,0.0000,0.0000,0.0500,0.0000
  9904,0.0000,0.0000,0.0000,0.0500,0.0000
  9905,0.0000,0.0000,0.0000,0.0500,0.0000
  9906,0.0000,0.0000,0.0000,0.0500,0.0000
  9907,0.0000,0.0000,0.0000,0.0500,0.0000
  9908,0.0000,0.0000,0.0000,0.0500,0.0000
  9909,0.0000,0.0000,0.0000,0.0500,0.0000
  9910,0.0000,0.0000,0.0000,0.0500,0.0000
  9911,0.0000,0.0000,0.0000,0.0500,0.0000
  9912,0.0000,0.0000,0.0000,0.0500,0.0000
  9913,0.0000,0.0000,0.0000,0.0500,0.0000
  9914,0.0000,0.0000,0.0000,0.0500,0.0000
  9915,0.0000,0.0000,0.0000,0.0500,0.0000
  9916,0.0000,0.0000,0.0000,0.0500,0.0000
  9917,0.0000,0.0000,0.0000,0.0500,0.0000
  9918,0.0000,0.0000,0.0000,0.0500,0.0000
  9919,0.0000,0.0000,0.0000,0.0500,0.0000
  9920,0.0000,0.0000,0.0000,0.0500,0.0000
  9921,0.0000,0.0000,0.0000,0.0500,0.0000
  9922,0.0000,0.0000,0.0000,0.0500,0.0000
  9923,0.0000,0.0000,0.0000,0.0500,0.0000
  9924,0.0000,0.0000,0.0000,0.0000,0.0000
  9925,0.0000,0.0000,0.0000,0.0500,0.0000
  9926,0.0000,0.0000,0.0000,0.0500,0.0000
  9927,0.0000,0.0000,0.0000,0.0500,0.0000
  9928,0.0000,0.0000,0.0000,0.0500,0.0000
  9929,0.0000,0.0000,0.0000,0.0500,0.0000
  9930,0.0000,0.0000,0.0000,0.0500,0.0000
  9931,0.0000,0.0000,0.0000,0.0500,0.0000
  9932,0.0000,0.0000,0.0000,0.0500,0.0000
  9933,0.0000,0.0000,0.0000,0.0500,0.0000
  9934,0.0000,0.0000,0.0000,0.0500,0.0000
  9935,0.0000,0.0000,0.0000,0.0500,0.0000
  9936,0.0000,0.0000,0.0000,0.0500,0.0000
  9937,0.0000,0.0000,0.0000,0.0100,0.0000
  9938,0.0000,0.0000,0.0000,0.0100,0.0000
  9939,0.0000,0.0000,0.0000,0.0500,0.0000
  9940,0.0000,0.0000,0.0000,0.0100,0.0000
  9941,0.0000,0.0000,0.0000,0.0500,0.0000
  9942,0.0000,0.0000,0.0000,0.0000,0.0000
  9943,0.0000,0.0000,0.0000,0.0000,0.0000
  9944,0.0000,0.0000,0.0000,0.0000,0.0000
  9945,0.0000,0.0000,0.0000,0.0000,0.0000
  9946,0.0000,0.0000,0.0000,0.0000,0.0000
  9947,0.0000,0.0000,0.0000,0.0100,0.0000
  9948,0.0000,0.0000,0.0000,0.0500,0.0000
  9949,0.0000,0.0000,0.0000,0.0000,0.0100
  9950,0.0000,0.0000,0.0000,0.0500,0.0000
  9951,0.0000,0.0000,0.0000,0.0000,3.6322
  9952,0.0000,0.0000,0.0000,0.0000,8.0637
  9953,0.0000,0.0000,0.0000,0.0000,0.0137
  9954,0.0000,0.0000,0.0000,0.0000,0.0201
  9955,0.0000,0.0000,0.0000,0.0000,0.0103
  9956,0.0000,0.0000,0.0000,0.0100,0.0000
  9957,0.0000,0.0000,0.0000,0.0000,0.0102
  9958,0.0000,0.0000,0.0000,0.0500,0.0000
  9959,0.0000,0.0000,0.0000,0.0000,0.0000
  9960,0.0000,0.0000,0.0000,0.0500,0.0000
  9961,0.0000,0.0000,0.0000,0.0500,0.0000
  9962,0.0000,0.0000,0.0000,0.0100,0.0000
  9963,4859.1037,4859.1037,0.0000,0.0000,0.0000
  9964,0.0000,0.0000,0.0000,0.0100,0.0000
  9965,0.0000,0.0000,0.0000,0.0000,0.0000
  9966,0.0000,0.0000,0.0000,0.0000,0.0000
  9967,0.0000,0.0000,0.0000,0.0500,0.0000
  9968,0.0000,0.0000,0.0000,0.0000,0.0000
  9969,0.0000,0.0000,0.0000,0.0500,0.0000
  9970,0.0000,0.0000,0.0000,0.0500,0.0000
  9971,0.0000,0.0000,0.0000,0.0500,0.0000
  9972,0.0000,0.0000,0.0000,0.0500,0.0000
  9973,0.0000,0.0000,0.0000,0.0500,0.0000
  9974,0.0000,0.0000,0.0000,0.0500,0.0000
  9975,0.0000,0.0000,0.0000,0.0500,0.0000
  9976,0.0000,0.0000,0.0000,0.0500,0.0000
  9977,0.0000,0.0000,0.0000,0.0000,0.0000
  9978,0.0000,0.0000,0.0000,0.0000,0.0000
  9979,0.0000,0.0000,0.0000,0.0000,0.0000
  9980,0.0000,0.0000,0.0000,0.0000,0.0000
  9981,14938.7523,14938.7523,0.0000,0.0000,0.0000
  9982,0.0000,0.0000,0.0000,0.0000,0.0000
  9983,0.0000,0.0000,0.0000,0.0000,0.0000
  9984,0.0000,0.0000,0.0000,0.0000,0.0000
  9985,0.0000,0.0000,0.0000,0.0000,0.0000
  9986,0.0000,0.0000,0.0000,0.0000,0.0000
  9987,0.0000,0.0000,0.0000,0.0000,0.0000
  9988,0.0000,0.0000,0.0000,0.0000,0.0000
  9989,0.0000,0.0000,0.0000,0.0000,0.0000
  9990,0.0000,0.0000,0.0000,0.0100,0.0000
  9991,0.0000,0.0000,0.0000,0.0000,0.0000
  9992,0.0000,0.0000,0.0000,0.0000,0.0000
  9993,0.0000,0.0000,0.0000,0.0000,0.0000
  9994,0.0000,0.0000,0.0000,0.0000,0.0000
  9995,0.0000,0.0000,0.0000,0.0000,0.0000
  9996,0.0000,0.0000,0.0000,0.0000,0.0000
  9997,0.0000,0.0000,0.0000,0.0500,0.0000
  9998,0.0000,0.0000,0.0000,0.0000,0.0000
  9999,0.0000,0.0000,0.0000,0.0100,0.0000
 10000,0.0000,0.0000,0.0000,0.0500,0.0000
 10001,0.0000,0.0000,0.0000,0.0500,0.0000
 10002,0.0000,0.0000,0.0000,0.0500,0.0000
 10003,0.0000,0.0000,0.0000,0.0500,0.0000
 10004,0.0000,0.0000,0.0000,0.0500,0.0000
 10005,0.0000,0.0000,0.0000,0.0500,0.0000
 10006,0.0000,0.0000,0.0000,0.0500,0.0000
 10007,0.0000,0.0000,0.0000,0.0000,0.0000
 10008,0.0000,0.0000,0.0000,0.0500,0.0000
 10009,0.0000,0.0000,0.0000,0.0500,0.0000
 10010,0.0000,0.0000,0.0000,0.0500,0.0000
 10011,0.0000,0.0000,0.0000,0.0500,0.0000
 10012,0.0000,0.0000,0.0000,0.0500,0.0000
 10013,0.0000,0.0000,0.0000,0.0500,0.0000
 10014,0.0000,0.0000,0.0000,0.0500,0.0000
 10015,0.0000,0.0000,0.0000,0.0500,0.0000
 10016,0.0000,0.0000,0.0000,0.0500,0.0000
 10017,0.0000,0.0000,0.0000,0.0500,0.0000
 10018,0.0000,0.0000,0.0000,0.0500,0.0000
 10019,0.0000,0.0000,0.0000,0.0500,0.0000
 10020,0.0000,0.0000,0.0000,0.0500,0.0000
 10021,0.0000,0.0000,0.0000,0.0000,0.0000
 10022,0.0000,0.0000,0.0000,0.0000,0.0000
 10023,0.0000,0.0000,0.0000,0.0000,0.0000
 10024,0.0000,0.0000,0.0000,0.0500,0.0000
 10025,0.0000,0.0000,0.0000,0.0500,0.0000
 10026,0.0000,0.0000,0.0000,0.0500,0.0000
 10027,0.0000,0.0000,0.0000,0.0500,0.0000
 10028,0.0000,0.0000,0.0000,0.0500,0.0000
 10029,0.0000,0.0000,0.0000,0.0500,0.0000
 10030,0.0000,0.0000,0.0000,0.0500,0.0000
 10031,0.0000,0.0000,0.0000,0.0500,0.0000
 10032,0.0000,0.0000,0.0000,0.0500,0.0000
 10033,0.0000,0.0000,0.0000,0.0500,0.0000
 10034,0.0000,0.0000,0.0000,0.0500,0.0000
 10035,0.0000,0.0000,0.0000,0.0500,0.0000
 10036,0.0000,0.0000,0.0000,0.0500,0.0000
 10037,0.0000,0.0000,0.0000,0.0500,0.0000
 10038,0.0000,0.0000,0.0000,0.0100,0.0000
 10039,0.0000,0.0000,0.0000,0.0100,0.0000
 10040,0.0000,0.0000,0.0000,0.0500,0.0000
 10041,0.0000,0.0000,0.0000,0.0100,0.0000
 10042,0.0000,0.0000,0.0000,0.0100,0.0000
 10043,0.0000,0.0000,0.0000,0.0500,0.0000
 10044,0.0000,0.0000,0.0000,0.0000,0.0000
 10045,0.0000,0.0000,0.0000,0.0000,0.0000
 10046,0.0000,0.0000,0.0000,0.0500,0.0000
 10047,0.0000,0.0000,0.0000,0.0000,0.0000
 10048,0.0000,0.0000,0.0000,0.0000,0.0000
 10049,0.0000,0.0000,0.0000,0.0100,0.0000
 10050,0.0000,0.0000,0.0000,0.0500,0.0000
 10051,0.0000,0.0000,0.0000,0.0500,0.0000
 10052,0.0000,0.0000,0.0000,0.0500,0.0000
 10053,0.0000,0.0000,0.0000,0.0500,0.0000
 10054,0.0000,0.0000,0.0000,0.0000,7.3350
 10055,0.0000,0.0000,0.0000,0.0000,14.3884
 10056,0.0000,0.0000,0.0000,0.0000,5.2496
 10057,7650.3721,7650.3721,0.0000,0.0000,0.0000
 10058,0.0000,0.0000,0.0000,0.0000,0.0900
 10059,0.0000,0.0000,0.0000,0.0500,0.0000
 10060,0.0000,0.0000,0.0000,0.0500,0.0000
 10061,0.0000,0.0000,0.0000,0.0000,0.0227
 10062,0.0000,0.0000,0.0000,0.0500,0.0000
 10063,0.0000,0.0000,0.0000,0.0500,0.0000
 10064,13482.9193,13482.9193,0.0000,0.0000,0.0000
 10065,0.0000,0.0000,0.0000,0.0100,0.0000
 10066,13897.9225,13897.9225,0.0000,0.0000,0.0000
 10067,0.0000,0.0000,0.0000,0.0000,0.0000
 10068,0.0000,0.0000,0.0000,0.0000,0.0000
 10069,0.0000,0.0000,0.0000,0.0000,0.0000
 10070,0.0000,0.0000,0.0000,0.0500,0.0000
 10071,0.0000,0.0000,0.0000,0.0500,0.0000
 10072,0.0000,0.0000,0.0000,0.0500,0.0000
 10073,0.0000,0.0000,0.0000,0.0500,0.0000
 10074,0.0000,0.0000,0.0000,0.0500,0.0000
 10075,0.0000,0.0000,0.0000,0.0500,0.0000
 10076,0.0000,0.0000,0.0000,0.0500,0.0000
 10077,0.0000,0.0000,0.0000,0.0500,0.0000
 10078,0.0000,0.0000,0.0000,0.0500,0.0000
 10079,0.0000,0.0000,0.0000,0.0000,0.0000
 10080,0.0000,0.0000,0.0000,0.0000,0.0000
 10081,0.0000,0.0000,0.0000,0.0000,0.0000
 10082,0.0000,0.0000,0.0000,0.0000,0.0000
 10083,0.0000,0.0000,0.0000,0.0000,0.0000
 10084,0.0000,0.0000,0.0000,0.0000,0.0000
 10085,0.0000,0.0000,0.0000,0.0000,0.0000
 10086,0.0000,0.0000,0.0000,0.0000,0.0000
 10087,0.0000,0.0000,0.0000,0.0000,0.0000
 10088,0.0000,0.0000,0.0000,0.0000,0.0000
 10089,0.0000,0.0000,0.0000,0.0100,0.0000
 10090,0.0000,0.0000,0.0000,0.0000,0.0000
 10091,0.0000,0.0000,0.0000,0.0100,0.0000
 10092,0.0000,0.0000,0.0000,0.0000,0.0000
 10093,0.0000,0.0000,0.0000,0.0500,0.0000
 10094,0.0000,0.0000,0.0000,0.0500,0.0000
 10095,0.0000,0.0000,0.0000,0.0100,0.0000
 10096,0.0000,0.0000,0.0000,0.0100,0.0000
 10097,0.0000,0.0000,0.0000,0.0000,0.0000
 10098,0.0000,0.0000,0.0000,0.0500,0.0000
 10099,0.0000,0.0000,0.0000,0.0500,0.0000
 10100,0.0000,0.0000,0.0000,0.0500,0.0000
 10101,0.0000,0.0000,0.0000,0.0500,0.0000
 10102,0.0000,0.0000,0.0000,0.0500,0.0000
 10103,0.0000,0.0000,0.0000,0.0500,0.0000
 10104,0.0000,0.0000,0.0000,0.0500,0.0000
 10105,0.0000,0.0000,0.0000,0.0500,0.0000
 10106,0.0000,0.0000,0.0000,0.0500,0.0000
 10107,0.0000,0.0000,0.0000,0.0500,0.0000
 10108,0.0000,0.0000,0.0000,0.0500,0.0000
 10109,0.0000,0.0000,0.0000,0.0500,0.0000
 10110,0.0000,0.0000,0.0000,0.0500,0.0000
 10111,0.0000,0.0000,0.0000,0.0500,0.0000
 10112,0.0000,0.0000,0.0000,0.0500,0.0000
 10113,0.0000,0.0000,0.0000,0.0500,0.0000
 10114,0.0000,0.0000,0.0000,0.0500,0.0000
 10115,0.0000,0.0000,0.0000,0.0500,0.0000
 10116,0.0000,0.0000,0.0000,0.0500,0.0000
 10117,0.0000,0.0000,0.0000,0.0500,0.0000
 10118,0.0000,0.0000,0.0000,0.0500,0.0000
 10119,0.0000,0.0000,0.0000,0.0000,0.0000
 10120,0.0000,0.0000,0.0000,0.0100,0.0000
 10121,0.0000,0.0000,0.0000,0.0500,0.0000
 10122,0.0000,0.0000,0.0000,0.0500,0.0000
 10123,0.0000,0.0000,0.0000,0.0500,0.0000
 10124,0.0000,0.0000,0.0000,0.0500,0.0000
 10125,0.0000,0.0000,0.0000,0.0500,0.0000
 10126,0.0000,0.0000,0.0000,0.0500,0.0000
 10127,0.0000,0.0000,0.0000,0.0500,0.0000
 10128,0.0000,0.0000,0.0000,0.0500,0.0000
 10129,0.0000,0.0000,0.0000,0.0500,0.0000
 10130,0.0000,0.0000,0.0000,0.0500,0.0000
 10131,0.0000,0.0000,0.0000,0.0500,0.0000
 10132,0.0000,0.0000,0.0000,0.0500,0.0000
 10133,0.0000,0.0000,0.0000,0.0100,0.0000
 10134,0.0000,0.0000,0.0000,0.0100,0.0000
 10135,0.0000,0.0000,0.0000,0.0100,0.0000
 10136,0.0000,0.0000,0.0000,0.0500,0.0000
 10137,0.0000,0.0000,0.0000,0.0500,0.0000
 10138,0.0000,0.0000,0.0000,0.0500,0.0000
 10139,0.0000,0.0000,0.0000,0.0500,0.0000
 10140,0.0000,0.0000,0.0000,0.0000,0.0000
 10141,0.0000,0.0000,0.0000,0.0000,0.0000
 10142,0.0000,0.0000,0.0000,0.0000,0.0000
 10143,0.0000,0.0000,0.0000,0.0000,0.0000
 10144,0.0000,0.0000,0.0000,0.0100,0.0000
 10145,0.0000,0.0000,0.0000,0.0500,0.0000
 10146,0.0000,0.0000,0.0000,0.0500,0.0000
 10147,0.0000,0.0000,0.0000,0.0500,0.0000
 10148,0.0000,0.0000,0.0000,0.0500,0.0000
 10149,0.0000,0.0000,0.0000,0.0000,30.8383
 10150,14937.9815,14937.9815,0.0000,0.0000,0.0000
 10151,0.0000,0.0000,0.0000,0.0000,33.4564
 10152,0.0000,0.0000,0.0000,0.0000,21.3886
 10153,0.0000,0.0000,0.0000,0.0000,18.4843
 10154,0.0000,0.0000,0.0000,0.0000,29.3244
 10155,0.0000,0.0000,0.0000,0.0500,0.0000
 10156,0.0000,0.0000,0.0000,0.0500,0.0000
 10157,0.0000,0.0000,0.0000,0.0500,0.0000
 10158,0.0000,0.0000,0.0000,0.0500,0.0000
 10159,15690.6390,15690.6390,0.0000,0.0000,0.0000
 10160,17029.5396,17029.5396,0.0000,0.0000,0.0000
 10161,2191.1234,2191.1234,0.0000,0.0000,0.0000
 10162,15481.3360,15481.3360,0.0000,0.0000,0.0000
 10163,0.0000,0.0000,0.0000,0.0000,0.0000
 10164,0.0000,0.0000,0.0000,0.0000,0.0000
 10165,0.0000,0.0000,0.0000,0.0000,0.0000
 10166,0.0000,0.0000,0.0000,0.0000,0.0000
 10167,0.0000,0.0000,0.0000,0.0500,0.0000
 10168,0.0000,0.0000,0.0000,0.0500,0.0000
 10169,0.0000,0.0000,0.0000,0.0500,0.0000
 10170,0.0000,0.0000,0.0000,0.0500,0.0000
 10171,0.0000,0.0000,0.0000,0.0000,0.0100
 10172,0.0000,0.0000,0.0000,0.0500,0.0000
 10173,0.0000,0.0000,0.0000,0.0500,0.0000
 10174,0.0000,0.0000,0.0000,0.0500,0.0000
 10175,0.0000,0.0000,0.0000,0.0500,0.0000
 10176,0.0000,0.0000,0.0000,0.0500,0.0000
 10177,0.0000,0.0000,0.0000,0.0500,0.0000
 10178,0.0000,0.0000,0.0000,0.0000,0.0000
 10179,0.0000,0.0000,0.0000,0.0000,0.0000
 10180,0.0000,0.0000,0.0000,0.0000,0.0000
 10181,0.0000,0.0000,0.0000,0.0000,0.0000
 10182,0.0000,0.0000,0.0000,0.0000,0.0000
 10183,0.0000,0.0000,0.0000,0.0000,0.0000
 10184,0.0000,0.0000,0.0000,0.0000,0.0000
 10185,0.0000,0.0000,0.0000,0.0000,0.0000
 10186,0.0000,0.0000,0.0000,0.0500,0.0000
 10187,0.0000,0.0000,0.0000,0.0000,0.0000
 10188,0.0000,0.0000,0.0000,0.0100,0.0000
 10189,0.0000,0.0000,0.0000,0.0100,0.0000
 10190,0.0000,0.0000,0.0000,0.0000,0.0000
 10191,0.0000,0.0000,0.0000,0.0000,0.0000
 10192,0.0000,0.0000,0.0000,0.0500,0.0000
 10193,0.0000,0.0000,0.0000,0.0500,0.0000
 10194,0.0000,0.0000,0.0000,0.0500,0.0000
 10195,0.0000,0.0000,0.0000,0.0500,0.0000
 10196,0.0000,0.0000,0.0000,0.0500,0.0000
 10197,0.0000,0.0000,0.0000,0.0500,0.0000
 10198,0.0000,0.0000,0.0000,0.0500,0.0000
 10199,0.0000,0.0000,0.0000,0.0500,0.0000
 10200,0.0000,0.0000,0.0000,0.0500,0.0000
 10201,0.0000,0.0000,0.0000,0.0500,0.0000
 10202,0.0000,0.0000,0.0000,0.0500,0.0000
 10203,0.0000,0.0000,0.0000,0.0500,0.0000
 10204,0.0000,0.0000,0.0000,0.0500,0.0000
 10205,0.0000,0.0000,0.0000,0.0500,0.0000
 10206,0.0000,0.0000,0.0000,0.0500,0.0000
 10207,0.0000,0.0000,0.0000,0.0500,0.0000
 10208,0.0000,0.0000,0.0000,0.0500,0.0000
 10209,0.0000,0.0000,0.0000,0.0500,0.0000
 10210,0.0000,0.0000,0.0000,0.0500,0.0000
 10211,0.0000,0.0000,0.0000,0.0500,0.0000
 10212,0.0000,0.0000,0.0000,0.0000,0.0000
 10213,0.0000,0.0000,0.0000,0.0500,0.0000
 10214,0.0000,0.0000,0.0000,0.0100,0.0000
 10215,0.0000,0.0000,0.0000,0.0500,0.0000
 10216,0.0000,0.0000,0.0000,0.0000,0.0000
 10217,0.0000,0.0000,0.0000,0.0000,0.0000
 10218,0.0000,0.0000,0.0000,0.0500,0.0000
 10219,0.0000,0.0000,0.0000,0.0500,0.0000
 10220,0.0000,0.0000,0.0000,0.0500,0.0000
 10221,0.0000,0.0000,0.0000,0.0500,0.0000
 10222,0.0000,0.0000,0.0000,0.0500,0.0000
 10223,0.0000,0.0000,0.0000,0.0500,0.0000
 10224,0.0000,0.0000,0.0000,0.0500,0.0000
 10225,0.0000,0.0000,0.0000,0.0500,0.0000
 10226,0.0000,0.0000,0.0000,0.0500,0.0000
 10227,0.0000,0.0000,0.0000,0.0500,0.0000
 10228,0.0000,0.0000,0.0000,0.0500,0.0000
 10229,0.0000,0.0000,0.0000,0.0100,0.0000
 10230,0.0000,0.0000,0.0000,0.0100,0.0000
 10231,0.0000,0.0000,0.0000,0.0500,0.0000
 10232,0.0000,0.0000,0.0000,0.0100,0.0000
 10233,0.0000,0.0000,0.0000,0.0100,0.0000
 10234,0.0000,0.0000,0.0000,0.0500,0.0000
 10235,0.0000,0.0000,0.0000,0.0500,0.0000
 10236,0.0000,0.0000,0.0000,0.0000,0.0000
 10237,0.0000,0.0000,0.0000,0.0000,0.0000
 10238,0.0000,0.0000,0.0000,0.0000,0.0000
 10239,0.0000,0.0000,0.0000,0.0000,0.0000
 10240,0.0000,0.0000,0.0000,0.0100,0.0000
 10241,0.0000,0.0000,0.0000,0.0500,0.0000
 10242,0.0000,0.0000,0.0000,0.0500,0.0000
 10243,0.0000,0.0000,0.0000,0.0500,0.0000
 10244,0.0000,0.0000,0.0000,0.0500,0.0000
 10245,0.0000,0.0000,0.0000,0.0100,0.0000
 10246,0.0000,0.0000,0.0000,0.0000,38.4946
 10247,0.0000,0.0000,0.0000,0.0000,36.7181
 10248,0.0000,0.0000,0.0000,0.0100,0.0000
 10249,0.0000,0.0000,0.0000,0.0000,28.6547
 10250,0.0000,0.0000,0.0000,0.0000,6.3299
 10251,0.0000,0.0000,0.0000,0.0000,0.4338
 10252,0.0000,0.0000,0.0000,0.0000,1.6290
 10253,0.0000,0.0000,0.0000,0.0500,0.0000
 10254,0.0000,0.0000,0.0000,0.0500,0.0000
 10255,16809.9420,16809.9420,0.0000,0.0000,0.0000
 10256,17623.7896,17623.7896,0.0000,0.0000,0.0000
 10257,15238.3745,15238.3745,0.0000,0.0000,0.0000
 10258,17795.6390,17795.6390,0.0000,0.0000,0.0000
 10259,17535.1669,17535.1669,0.0000,0.0000,0.0000
 10260,0.0000,0.0000,0.0000,0.0000,0.0000
 10261,17153.7695,17153.7695,0.0000,0.0000,0.0000
 10262,0.0000,0.0000,0.0000,0.0000,0.0000
 10263,0.0000,0.0000,0.0000,0.0000,0.0000
 10264,0.0000,0.0000,0.0000,0.0000,0.0000
 10265,0.0000,0.0000,0.0000,0.0000,0.0100
 10266,0.0000,0.0000,0.0000,0.0500,0.0000
 10267,0.0000,0.0000,0.0000,0.0500,0.0000
 10268,0.0000,0.0000,0.0000,0.0500,0.0000
 10269,0.0000,0.0000,0.0000,0.0500,0.0000
 10270,0.0000,0.0000,0.0000,0.0500,0.0000
 10271,0.0000,0.0000,0.0000,0.0500,0.0000
 10272,0.0000,0.0000,0.0000,0.0500,0.0000
 10273,0.0000,0.0000,0.0000,0.0500,0.0000
 10274,0.0000,0.0000,0.0000,0.0500,0.0000
 10275,0.0000,0.0000,0.0000,0.0500,0.0000
 10276,0.0000,0.0000,0.0000,0.0500,0.0000
 10277,0.0000,0.0000,0.0000,0.0500,0.0000
 10278,0.0000,0.0000,0.0000,0.0000,0.0000
 10279,0.0000,0.0000,0.0000,0.0000,0.0000
 10280,0.0000,0.0000,0.0000,0.0000,0.0000
 10281,0.0000,0.0000,0.0000,0.0000,0.0000
 10282,2170.5765,2170.5765,0.0000,0.0000,0.0000
 10283,0.0000,0.0000,0.0000,0.0000,0.0000
 10284,0.0000,0.0000,0.0000,0.0000,0.0000
 10285,0.0000,0.0000,0.0000,0.0000,0.0000
 10286,0.0000,0.0000,0.0000,0.0000,0.0000
 10287,0.0000,0.0000,0.0000,0.0100,0.0000
 10288,0.0000,0.0000,0.0000,0.0000,0.0000
 10289,0.0000,0.0000,0.0000,0.0000,0.0000
 10290,0.0000,0.0000,0.0000,0.0500,0.0000
 10291,0.0000,0.0000,0.0000,0.0500,0.0000
 10292,0.0000,0.0000,0.0000,0.0500,0.0000
 10293,0.0000,0.0000,0.0000,0.0500,0.0000
 10294,0.0000,0.0000,0.0000,0.0500,0.0000
 10295,0.0000,0.0000,0.0000,0.0500,0.0000
 10296,0.0000,0.0000,0.0000,0.0500,0.0000
 10297,0.0000,0.0000,0.0000,0.0500,0.0000
 10298,0.0000,0.0000,0.0000,0.0500,0.0000
 10299,0.0000,0.0000,0.0000,0.0500,0.0000
 10300,0.0000,0.0000,0.0000,0.0500,0.0000
 10301,0.0000,0.0000,0.0000,0.0500,0.0000
 10302,0.0000,0.0000,0.0000,0.0500,0.0000
 10303,0.0000,0.0000,0.0000,0.0500,0.0000
 10304,0.0000,0.0000,0.0000,0.0500,0.0000
 10305,0.0000,0.0000,0.0000,0.0500,0.0000
 10306,0.0000,0.0000,0.0000,0.0500,0.0000
 10307,0.0000,0.0000,0.0000,0.0500,0.0000
 10308,0.0000,0.0000,0.0000,0.0500,0.0000
 10309,0.0000,0.0000,0.0000,0.0500,0.0000
 10310,0.0000,0.0000,0.0000,0.0000,0.0000
 10311,0.0000,0.0000,0.0000,0.0100,0.0000
 10312,0.0000,0.0000,0.0000,0.0500,0.0000
 10313,0.0000,0.0000,0.0000,0.0000,0.0000
 10314,0.0000,0.0000,0.0000,0.0500,0.0000
 10315,0.0000,0.0000,0.0000,0.0100,0.0000
 10316,0.0000,0.0000,0.0000,0.0100,0.0000
 10317,0.0000,0.0000,0.0000,0.0100,0.0000
 10318,0.0000,0.0000,0.0000,0.0500,0.0000
 10319,0.0000,0.0000,0.0000,0.0500,0.0000
 10320,0.0000,0.0000,0.0000,0.0500,0.0000
 10321,0.0000,0.0000,0.0000,0.0500,0.0000
 10322,0.0000,0.0000,0.0000,0.0500,0.0000
 10323,0.0000,0.0000,0.0000,0.0500,0.0000
 10324,0.0000,0.0000,0.0000,0.0500,0.0000
 10325,0.0000,0.0000,0.0000,0.0500,0.0000
 10326,0.0000,0.0000,0.0000,0.0500,0.0000
 10327,0.0000,0.0000,0.0000,0.0500,0.0000
 10328,0.0000,0.0000,0.0000,0.0500,0.0000
 10329,0.0000,0.0000,0.0000,0.0100,0.0000
 10330,0.0000,0.0000,0.0000,0.0100,0.0000
 10331,0.0000,0.0000,0.0000,0.0500,0.0000
 10332,0.0000,0.0000,0.0000,0.0000,0.0000
 10333,0.0000,0.0000,0.0000,0.0000,0.0000
 10334,0.0000,0.0000,0.0000,0.0100,0.0000
 10335,0.0000,0.0000,0.0000,0.0000,0.0000
 10336,0.0000,0.0000,0.0000,0.0100,0.0000
 10337,0.0000,0.0000,0.0000,0.0500,0.0000
 10338,0.0000,0.0000,0.0000,0.0500,0.0000
 10339,0.0000,0.0000,0.0000,0.0000,0.0000
 10340,0.0000,0.0000,0.0000,0.0000,0.0000
 10341,0.0000,0.0000,0.0000,0.0500,0.0000
 10342,0.0000,0.0000,0.0000,0.0500,0.0000
 10343,16144.7204,16144.7204,0.0000,0.0000,0.0000
 10344,16206.1965,16206.1965,0.0000,0.0000,0.0000
 10345,17653.2846,17653.2846,0.0000,0.0000,0.0000
 10346,0.0000,0.0000,0.0000,0.0000,8.4068
 10347,0.0000,0.0000,0.0000,0.0000,3.0202
 10348,0.0000,0.0000,0.0000,0.0000,11.6067
 10349,0.0000,0.0000,0.0000,0.0000,15.4343
 10350,0.0000,0.0000,0.0000,0.0000,0.0146
 10351,0.0000,0.0000,0.0000,0.0000,0.1464
 10352,0.0000,0.0000,0.0000,0.0500,0.0000
 10353,0.0000,0.0000,0.0000,0.0000,0.0304
 10354,0.0000,0.0000,0.0000,0.0000,2.3344
 10355,0.0000,0.0000,0.0000,0.0500,0.0000
 10356,0.0000,0.0000,0.0000,0.0500,0.0000
 10357,0.0000,0.0000,0.0000,0.0000,0.0000
 10358,17828.3184,17828.3184,0.0000,0.0000,0.0000
 10359,17749.9573,17749.9573,0.0000,0.0000,0.0000
 10360,17731.1509,17731.1509,0.0000,0.0000,0.0000
 10361,0.0000,0.0000,0.0000,0.0000,0.0000
 10362,0.0000,0.0000,0.0000,0.0000,0.0000
 10363,0.0000,0.0000,0.0000,0.0000,0.0000
 10364,0.0000,0.0000,0.0000,0.0000,0.0000
 10365,0.0000,0.0000,0.0000,0.0000,0.0000
 10366,0.0000,0.0000,0.0000,0.0500,0.0000
 10367,0.0000,0.0000,0.0000,0.0500,0.0000
 10368,0.0000,0.0000,0.0000,0.0500,0.0000
 10369,0.0000,0.0000,0.0000,0.0500,0.0000
 10370,0.0000,0.0000,0.0000,0.0000,0.0101
 10371,0.0000,0.0000,0.0000,0.0500,0.0000
 10372,0.0000,0.0000,0.0000,0.0500,0.0000
 10373,0.0000,0.0000,0.0000,0.0500,0.0000
 10374,0.0000,0.0000,0.0000,0.0500,0.0000
 10375,0.0000,0.0000,0.0000,0.0500,0.0000
 10376,0.0000,0.0000,0.0000,0.0500,0.0000
 10377,0.0000,0.0000,0.0000,0.0500,0.0000
 10378,0.0000,0.0000,0.0000,0.0500,0.0000
 10379,0.0000,0.0000,0.0000,0.0500,0.0000
 10380,0.0000,0.0000,0.0000,0.0500,0.0000
 10381,0.0000,0.0000,0.0000,0.0100,0.0000
 10382,0.0000,0.0000,0.0000,0.0000,0.0000
 10383,0.0000,0.0000,0.0000,0.0000,0.0000
 10384,0.0000,0.0000,0.0000,0.0000,0.0000
 10385,0.0000,0.0000,0.0000,0.0000,0.0000
 10386,0.0000,0.0000,0.0000,0.0100,0.0000
 10387,0.0000,0.0000,0.0000,0.0100,0.0000
 10388,0.0000,0.0000,0.0000,0.0000,0.0000
 10389,0.0000,0.0000,0.0000,0.0500,0.0000
 10390,0.0000,0.0000,0.0000,0.0000,0.0000
 10391,0.0000,0.0000,0.0000,0.0500,0.0000
 10392,0.0000,0.0000,0.0000,0.0500,0.0000
 10393,0.0000,0.0000,0.0000,0.0500,0.0000
 10394,0.0000,0.0000,0.0000,0.0500,0.0000
 10395,0.0000,0.0000,0.0000,0.0000,0.0000
 10396,0.0000,0.0000,0.0000,0.0000,0.0000
 10397,0.0000,0.0000,0.0000,0.0500,0.0000
 10398,0.0000,0.0000,0.0000,0.0500,0.0000
 10399,0.0000,0.0000,0.0000,0.0500,0.0000
 10400,0.0000,0.0000,0.0000,0.0500,0.0000
 10401,0.0000,0.0000,0.0000,0.0500,0.0000
 10402,0.0000,0.0000,0.0000,0.0500,0.0000
 10403,0.0000,0.0000,0.0000,0.0500,0.0000
 10404,0.0000,0.0000,0.0000,0.0500,0.0000
 10405,0.0000,0.0000,0.0000,0.0500,0.0000
 10406,0.0000,0.0000,0.0000,0.0500,0.0000
 10407,0.0000,0.0000,0.0000,0.0500,0.0000
 10408,0.0000,0.0000,0.0000,0.0500,0.0000
 10409,0.0000,0.0000,0.0000,0.0500,0.0000
 10410,0.0000,0.0000,0.0000,0.0500,0.0000
 10411,0.0000,0.0000,0.0000,0.0500,0.0000
 10412,0.0000,0.0000,0.0000,0.0000,0.0000
 10413,0.0000,0.0000,0.0000,0.0100,0.0000
 10414,0.0000,0.0000,0.0000,0.0000,0.0000
 10415,0.0000,0.0000,0.0000,0.0100,0.0000
 10416,0.0000,0.0000,0.0000,0.0100,0.0000
 10417,0.0000,0.0000,0.0000,0.0100,0.0000
 10418,0.0000,0.0000,0.0000,0.0500,0.0000
 10419,0.0000,0.0000,0.0000,0.0500,0.0000
 10420,0.0000,0.0000,0.0000,0.0500,0.0000
 10421,0.0000,0.0000,0.0000,0.0500,0.0000
 10422,0.0000,0.0000,0.0000,0.0500,0.0000
 10423,0.0000,0.0000,0.0000,0.0500,0.0000
 10424,0.0000,0.0000,0.0000,0.0500,0.0000
 10425,0.0000,0.0000,0.0000,0.0500,0.0000
 10426,0.0000,0.0000,0.0000,0.0500,0.0000
 10427,0.0000,0.0000,0.0000,0.0500,0.0000
 10428,0.0000,0.0000,0.0000,0.0500,0.0000
 10429,0.0000,0.0000,0.0000,0.0500,0.0000
 10430,0.0000,0.0000,0.0000,0.0500,0.0000
 10431,0.0000,0.0000,0.0000,0.0500,0.0000
 10432,0.0000,0.0000,0.0000,0.0100,0.0000
 10433,0.0000,0.0000,0.0000,0.0500,0.0000
 10434,0.0000,0.0000,0.0000,0.0000,0.0000
 10435,0.0000,0.0000,0.0000,0.0500,0.0000
 10436,0.0000,0.0000,0.0000,0.0500,0.0000
 10437,0.0000,0.0000,0.0000,0.0500,0.0000
 10438,0.0000,0.0000,0.0000,0.0000,0.0000
 10439,0.0000,0.0000,0.0000,0.0100,0.0000
 10440,0.0000,0.0000,0.0000,0.0000,0.0000
 10441,0.0000,0.0000,0.0000,0.0000,0.0000
 10442,0.0000,0.0000,0.0000,0.0500,0.0000
 10443,0.0000,0.0000,0.0000,0.0500,0.0000
 10444,0.0000,0.0000,0.0000,0.0500,0.0000
 10445,14296.8972,14296.8972,0.0000,0.0000,0.0000
 10446,17183.8362,17183.8362,0.0000,0.0000,0.0000
 10447,14345.8311,14345.8311,0.0000,0.0000,0.0000
 10448,0.0000,0.0000,0.0000,0.0000,25.1809
 10449,0.0000,0.0000,0.0000,0.0000,0.2283
 10450,0.0000,0.0000,0.0000,0.0000,9.3451
 10451,0.0000,0.0000,0.0000,0.0000,0.0108
 10452,0.0000,0.0000,0.0000,0.0500,0.0000
 10453,0.0000,0.0000,0.0000,0.0500,0.0000
 10454,0.0000,0.0000,0.0000,0.0000,0.0129
 10455,0.0000,0.0000,0.0000,0.0000,0.0106
 10456,0.0000,0.0000,0.0000,0.0500,0.0000
 10457,0.0000,0.0000,0.0000,0.0500,0.0000
 10458,0.0000,0.0000,0.0000,0.0000,0.0000
 10459,17829.1797,17829.1797,0.0000,0.0000,0.0000
 10460,17857.2636,17857.2636,0.0000,0.0000,0.0000
 10461,0.0000,0.0000,0.0000,0.0000,0.0000
 10462,17187.8931,17187.8931,0.0000,0.0000,0.0000
 10463,17788.1963,17788.1963,0.0000,0.0000,0.0000
 10464,17873.8977,17873.8977,0.0000,0.0000,0.0000
 10465,17298.1059,17298.1059,0.0000,0.0000,0.0000
 10466,0.0000,0.0000,0.0000,0.0000,0.0000
 10467,0.0000,0.0000,0.0000,0.0000,0.0000
 10468,0.0000,0.0000,0.0000,0.0500,0.0000
 10469,0.0000,0.0000,0.0000,0.0500,0.0000
 10470,0.0000,0.0000,0.0000,0.0500,0.0000
 10471,0.0000,0.0000,0.0000,0.0500,0.0000
 10472,0.0000,0.0000,0.0000,0.0500,0.0000
 10473,0.0000,0.0000,0.0000,0.0500,0.0000
 10474,0.0000,0.0000,0.0000,0.0500,0.0000
 10475,0.0000,0.0000,0.0000,0.0500,0.0000
 10476,0.0000,0.0000,0.0000,0.0500,0.0000
 10477,0.0000,0.0000,0.0000,0.0500,0.0000
 10478,0.0000,0.0000,0.0000,0.0500,0.0000
 10479,0.0000,0.0000,0.0000,0.0500,0.0000
 10480,0.0000,0.0000,0.0000,0.0500,0.0000
 10481,0.0000,0.0000,0.0000,0.0500,0.0000
 10482,0.0000,0.0000,0.0000,0.0500,0.0000
 10483,0.0000,0.0000,0.0000,0.0500,0.0000
 10484,0.0000,0.0000,0.0000,0.0500,0.0000
 10485,0.0000,0.0000,0.0000,0.0000,0.0000
 10486,0.0000,0.0000,0.0000,0.0000,0.0000
 10487,0.0000,0.0000,0.0000,0.0000,0.0000
 10488,0.0000,0.0000,0.0000,0.0000,0.0000
 10489,0.0000,0.0000,0.0000,0.0000,0.0000
 10490,0.0000,0.0000,0.0000,0.0500,0.0000
 10491,0.0000,0.0000,0.0000,0.0500,0.0000
 10492,0.0000,0.0000,0.0000,0.0000,0.0000
 10493,0.0000,0.0000,0.0000,0.0000,0.0000
 10494,0.0000,0.0000,0.0000,0.0000,0.0000
 10495,0.0000,0.0000,0.0000,0.0000,0.0000
 10496,0.0000,0.0000,0.0000,0.0000,0.0000
 10497,0.0000,0.0000,0.0000,0.0000,0.0000
 10498,0.0000,0.0000,0.0000,0.0500,0.0000
 10499,0.0000,0.0000,0.0000,0.0500,0.0000
 10500,0.0000,0.0000,0.0000,0.0500,0.0000
 10501,0.0000,0.0000,0.0000,0.0500,0.0000
 10502,0.0000,0.0000,0.0000,0.0500,0.0000
 10503,0.0000,0.0000,0.0000,0.0500,0.0000
 10504,0.0000,0.0000,0.0000,0.0500,0.0000
 10505,0.0000,0.0000,0.0000,0.0500,0.0000
 10506,0.0000,0.0000,0.0000,0.0500,0.0000
 10507,0.0000,0.0000,0.0000,0.0500,0.0000
 10508,0.0000,0.0000,0.0000,0.0500,0.0000
 10509,0.0000,0.0000,0.0000,0.0500,0.0000
 10510,0.0000,0.0000,0.0000,0.0500,0.0000
 10511,0.0000,0.0000,0.0000,0.0500,0.0000
 10512,0.0000,0.0000,0.0000,0.0500,0.0000
 10513,0.0000,0.0000,0.0000,0.0000,0.0000
 10514,0.0000,0.0000,0.0000,0.0000,0.0000
 10515,0.0000,0.0000,0.0000,0.0500,0.0000
 10516,0.0000,0.0000,0.0000,0.0100,0.0000
 10517,0.0000,0.0000,0.0000,0.0500,0.0000
 10518,0.0000,0.0000,0.0000,0.0100,0.0000
 10519,0.0000,0.0000,0.0000,0.0500,0.0000
 10520,0.0000,0.0000,0.0000,0.0500,0.0000
 10521,0.0000,0.0000,0.0000,0.0500,0.0000
 10522,0.0000,0.0000,0.0000,0.0500,0.0000
 10523,0.0000,0.0000,0.0000,0.0500,0.0000
 10524,0.0000,0.0000,0.0000,0.0500,0.0000
 10525,0.0000,0.0000,0.0000,0.0500,0.0000
 10526,0.0000,0.0000,0.0000,0.0500,0.0000
 10527,0.0000,0.0000,0.0000,0.0500,0.0000
 10528,0.0000,0.0000,0.0000,0.0500,0.0000
 10529,0.0000,0.0000,0.0000,0.0500,0.0000
 10530,0.0000,0.0000,0.0000,0.0500,0.0000
 10531,0.0000,0.0000,0.0000,0.0500,0.0000
 10532,0.0000,0.0000,0.0000,0.0500,0.0000
 10533,0.0000,0.0000,0.0000,0.0500,0.0000
 10534,0.0000,0.0000,0.0000,0.0500,0.0000
 10535,0.0000,0.0000,0.0000,0.0500,0.0000
 10536,0.0000,0.0000,0.0000,0.0500,0.0000
 10537,0.0000,0.0000,0.0000,0.0100,0.0000
 10538,0.0000,0.0000,0.0000,0.0100,0.0000
 10539,0.0000,0.0000,0.0000,0.0500,0.0000
 10540,0.0000,0.0000,0.0000,0.0500,0.0000
 10541,0.0000,0.0000,0.0000,0.0500,0.0000
 10542,0.0000,0.0000,0.0000,0.0500,0.0000
 10543,0.0000,0.0000,0.0000,0.0500,0.0000
 10544,0.0000,0.0000,0.0000,0.0500,0.0000
 10545,0.0000,0.0000,0.0000,0.0500,0.0000
 10546,0.0000,0.0000,0.0000,0.0000,41.6109
 10547,0.0000,0.0000,0.0000,0.0000,7.3365
 10548,0.0000,0.0000,0.0000,0.0000,0.0000
 10549,0.0000,0.0000,0.0000,0.0000,0.0182
 10550,0.0000,0.0000,0.0000,0.0000,0.4013
 10551,0.0000,0.0000,0.0000,0.0000,0.0110
 10552,0.0000,0.0000,0.0000,0.0500,0.0000
 10553,0.0000,0.0000,0.0000,0.0500,0.0000
 10554,0.0000,0.0000,0.0000,0.0500,0.0000
 10555,0.0000,0.0000,0.0000,0.0000,0.0103
 10556,0.0000,0.0000,0.0000,0.0000,0.0101
 10557,0.0000,0.0000,0.0000,0.0000,0.0194
 10558,17834.8282,17834.8282,0.0000,0.0000,0.0000
 10559,0.0000,0.0000,0.0000,0.0000,0.0000
 10560,0.0000,0.0000,0.0000,0.0500,0.0000
 10561,0.0000,0.0000,0.0000,0.0000,0.0102
 10562,0.0000,0.0000,0.0000,0.0500,0.0000
 10563,0.0000,0.0000,0.0000,0.0500,0.0000
 10564,0.0000,0.0000,0.0000,0.0500,0.0000
 10565,0.0000,0.0000,0.0000,0.0500,0.0000
 10566,0.0000,0.0000,0.0000,0.0500,0.0000
 10567,0.0000,0.0000,0.0000,0.0500,0.0000
 10568,0.0000,0.0000,0.0000,0.0500,0.0000
 10569,0.0000,0.0000,0.0000,0.0500,0.0000
 10570,0.0000,0.0000,0.0000,0.0000,0.0117
 10571,0.0000,0.0000,0.0000,0.0500,0.0000
 10572,0.0000,0.0000,0.0000,0.0500,0.0000
 10573,0.0000,0.0000,0.0000,0.0500,0.0000
 10574,0.0000,0.0000,0.0000,0.0500,0.0000
 10575,0.0000,0.0000,0.0000,0.0500,0.0000
 10576,0.0000,0.0000,0.0000,0.0000,0.0000
 10577,0.0000,0.0000,0.0000,0.0000,0.0000
 10578,0.0000,0.0000,0.0000,0.0000,0.0000
 10579,0.0000,0.0000,0.0000,0.0500,0.0000
 10580,0.0000,0.0000,0.0000,0.0500,0.0000
 10581,0.0000,0.0000,0.0000,0.0000,0.0000
 10582,0.0000,0.0000,0.0000,0.0000,0.0000
 10583,0.0000,0.0000,0.0000,0.0000,0.0000
 10584,0.0000,0.0000,0.0000,0.0000,0.0000
 10585,0.0000,0.0000,0.0000,0.0500,0.0000
 10586,0.0000,0.0000,0.0000,0.0500,0.0000
 10587,0.0000,0.0000,0.0000,0.0500,0.0000
 10588,0.0000,0.0000,0.0000,0.0500,0.0000
 10589,0.0000,0.0000,0.0000,0.0500,0.0000
 10590,0.0000,0.0000,0.0000,0.0500,0.0000
 10591,0.0000,0.0000,0.0000,0.0500,0.0000
 10592,0.0000,0.0000,0.0000,0.0500,0.0000
 10593,0.0000,0.0000,0.0000,0.0500,0.0000
 10594,0.0000,0.0000,0.0000,0.0500,0.0000
 10595,0.0000,0.0000,0.0000,0.0500,0.0000
 10596,0.0000,0.0000,0.0000,0.0500,0.0000
 10597,0.0000,0.0000,0.0000,0.0500,0.0000
 10598,0.0000,0.0000,0.0000,0.0500,0.0000
 10599,0.0000,0.0000,0.0000,0.0500,0.0000
 10600,0.0000,0.0000,0.0000,0.0500,0.0000
 10601,0.0000,0.0000,0.0000,0.0500,0.0000
 10602,0.0000,0.0000,0.0000,0.0500,0.0000
 10603,0.0000,0.0000,0.0000,0.0500,0.0000
 10604,0.0000,0.0000,0.0000,0.0500,0.0000
 10605,0.0000,0.0000,0.0000,0.0500,0.0000
 10606,0.0000,0.0000,0.0000,0.0500,0.0000
 10607,0.0000,0.0000,0.0000,0.0500,0.0000
 10608,0.0000,0.0000,0.0000,0.0500,0.0000
 10609,0.0000,0.0000,0.0000,0.0500,0.0000
 10610,0.0000,0.0000,0.0000,0.0500,0.0000
 10611,0.0000,0.0000,0.0000,0.0500,0.0000
 10612,0.0000,0.0000,0.0000,0.0500,0.0000
 10613,0.0000,0.0000,0.0000,0.0500,0.0000
 10614,0.0000,0.0000,0.0000,0.0500,0.0000
 10615,0.0000,0.0000,0.0000,0.0500,0.0000
 10616,0.0000,0.0000,0.0000,0.0500,0.0000
 10617,0.0000,0.0000,0.0000,0.0500,0.0000
 10618,0.0000,0.0000,0.0000,0.0500,0.0000
 10619,0.0000,0.0000,0.0000,0.0500,0.0000
 10620,0.0000,0.0000,0.0000,0.0100,0.0000
 10621,0.0000,0.0000,0.0000,0.0500,0.0000
 10622,0.0000,0.0000,0.0000,0.0500,0.0000
 10623,0.0000,0.0000,0.0000,0.0500,0.0000
 10624,0.0000,0.0000,0.0000,0.0500,0.0000
 10625,0.0000,0.0000,0.0000,0.0000,0.0000
 10626,0.0000,0.0000,0.0000,0.0500,0.0000
 10627,0.0000,0.0000,0.0000,0.0500,0.0000
 10628,0.0000,0.0000,0.0000,0.0500,0.0000
 10629,0.0000,0.0000,0.0000,0.0500,0.0000
 10630,0.0000,0.0000,0.0000,0.0500,0.0000
 10631,0.0000,0.0000,0.0000,0.0500,0.0000
 10632,0.0000,0.0000,0.0000,0.0500,0.0000
 10633,0.0000,0.0000,0.0000,0.0000,0.0000
 10634,0.0000,0.0000,0.0000,0.0000,0.0000
 10635,0.0000,0.0000,0.0000,0.0000,0.0000
 10636,0.0000,0.0000,0.0000,0.0000,0.0122
 10637,0.0000,0.0000,0.0000,0.0100,0.0000
 10638,0.0000,0.0000,0.0000,0.0000,0.0105
 10639,0.0000,0.0000,0.0000,0.0000,0.0000
 10640,0.0000,0.0000,0.0000,0.0000,0.0101
 10641,0.0000,0.0000,0.0000,0.0500,0.0000
 10642,0.0000,0.0000,0.0000,0.0000,0.0101
 10643,0.0000,0.0000,0.0000,0.0000,0.0100
 10644,0.0000,0.0000,0.0000,0.0500,0.0000
 10645,0.0000,0.0000,0.0000,0.0500,0.0000
 10646,0.0000,0.0000,0.0000,0.0500,0.0000
 10647,0.0000,0.0000,0.0000,0.0500,0.0000
 10648,0.0000,0.0000,0.0000,0.0500,0.0000
 10649,0.0000,0.0000,0.0000,0.0500,0.0000
 10650,0.0000,0.0000,0.0000,0.0500,0.0000
 10651,0.0000,0.0000,0.0000,0.0500,0.0000
 10652,0.0000,0.0000,0.0000,0.0500,0.0000
 10653,0.0000,0.0000,0.0000,0.0000,0.0138
 10654,0.0000,0.0000,0.0000,0.0500,0.0000
 10655,0.0000,0.0000,0.0000,0.0500,0.0000
 10656,0.0000,0.0000,0.0000,0.0500,0.0000
 10657,0.0000,0.0000,0.0000,0.0500,0.0000
 10658,0.0000,0.0000,0.0000,0.0500,0.0000
 10659,0.0000,0.0000,0.0000,0.0500,0.0000
 10660,0.0000,0.0000,0.0000,0.0000,0.0101
 10661,0.0000,0.0000,0.0000,0.0500,0.0000
 10662,0.0000,0.0000,0.0000,0.0000,0.0000
 10663,0.0000,0.0000,0.0000,0.0500,0.0000
 10664,0.0000,0.0000,0.0000,0.0500,0.0000
 10665,0.0000,0.0000,0.0000,0.0000,0.0000
 10666,0.0000,0.0000,0.0000,0.0100,0.0000
 10667,0.0000,0.0000,0.0000,0.0000,0.0000
 10668,0.0000,0.0000,0.0000,0.0000,0.0000
 10669,0.0000,0.0000,0.0000,0.0500,0.0000
 10670,0.0000,0.0000,0.0000,0.0500,0.0000
 10671,0.0000,0.0000,0.0000,0.0500,0.0000
 10672,0.0000,0.0000,0.0000,0.0500,0.0000
 10673,0.0000,0.0000,0.0000,0.0500,0.0000
 10674,0.0000,0.0000,0.0000,0.0500,0.0000
 10675,0.0000,0.0000,0.0000,0.0500,0.0000
 10676,0.0000,0.0000,0.0000,0.0500,0.0000
 10677,0.0000,0.0000,0.0000,0.0500,0.0000
 10678,0.0000,0.0000,0.0000,0.0500,0.0000
 10679,0.0000,0.0000,0.0000,0.0500,0.0000
 10680,0.0000,0.0000,0.0000,0.0500,0.0000
 10681,0.0000,0.0000,0.0000,0.0500,0.0000
 10682,0.0000,0.0000,0.0000,0.0500,0.0000
 10683,0.0000,0.0000,0.0000,0.0500,0.0000
 10684,0.0000,0.0000,0.0000,0.0500,0.0000
 10685,0.0000,0.0000,0.0000,0.0500,0.0000
 10686,0.0000,0.0000,0.0000,0.0500,0.0000
 10687,0.0000,0.0000,0.0000,0.0500,0.0000
 10688,0.0000,0.0000,0.0000,0.0500,0.0000
 10689,0.0000,0.0000,0.0000,0.0000,0.0000
 10690,0.0000,0.0000,0.0000,0.0500,0.0000
 10691,0.0000,0.0000,0.0000,0.0500,0.0000
 10692,0.0000,0.0000,0.0000,0.0500,0.0000
 10693,0.0000,0.0000,0.0000,0.0500,0.0000
 10694,0.0000,0.0000,0.0000,0.0500,0.0000
 10695,0.0000,0.0000,0.0000,0.0500,0.0000
 10696,0.0000,0.0000,0.0000,0.0500,0.0000
 10697,0.0000,0.0000,0.0000,0.0500,0.0000
 10698,0.0000,0.0000,0.0000,0.0500,0.0000
 10699,0.0000,0.0000,0.0000,0.0500,0.0000
 10700,0.0000,0.0000,0.0000,0.0500,0.0000
 10701,0.0000,0.0000,0.0000,0.0500,0.0000
 10702,0.0000,0.0000,0.0000,0.0500,0.0000
 10703,0.0000,0.0000,0.0000,0.0500,0.0000
 10704,0.0000,0.0000,0.0000,0.0500,0.0000
 10705,0.0000,0.0000,0.0000,0.0500,0.0000
 10706,0.0000,0.0000,0.0000,0.0500,0.0000
 10707,0.0000,0.0000,0.0000,0.0100,0.0000
 10708,0.0000,0.0000,0.0000,0.0500,0.0000
 10709,0.0000,0.0000,0.0000,0.0500,0.0000
 10710,0.0000,0.0000,0.0000,0.0500,0.0000
 10711,0.0000,0.0000,0.0000,0.0500,0.0000
 10712,0.0000,0.0000,0.0000,0.0500,0.0000
 10713,0.0000,0.0000,0.0000,0.0500,0.0000
 10714,0.0000,0.0000,0.0000,0.0500,0.0000
 10715,0.0000,0.0000,0.0000,0.0500,0.0000
 10716,0.0000,0.0000,0.0000,0.0500,0.0000
 10717,0.0000,0.0000,0.0000,0.0000,0.0000
 10718,0.0000,0.0000,0.0000,0.0000,0.0111
 10719,0.0000,0.0000,0.0000,0.0100,0.0000
 10720,0.0000,0.0000,0.0000,0.0000,0.0103
 10721,0.0000,0.0000,0.0000,0.0000,0.0000
 10722,0.0000,0.0000,0.0000,0.0000,0.0100
 10723,0.0000,0.0000,0.0000,0.0000,0.0101
 10724,0.0000,0.0000,0.0000,0.0000,0.0000
 10725,0.0000,0.0000,0.0000,0.0000,0.0102
 10726,0.0000,0.0000,0.0000,0.0000,0.0101
 10727,0.0000,0.0000,0.0000,0.0500,0.0000
 10728,0.0000,0.0000,0.0000,0.0500,0.0000
 10729,0.0000,0.0000,0.0000,0.0500,0.0000
 10730,0.0000,0.0000,0.0000,0.0500,0.0000
 10731,0.0000,0.0000,0.0000,0.0500,0.0000
 10732,0.0000,0.0000,0.0000,0.0500,0.0000
 10733,0.0000,0.0000,0.0000,0.0500,0.0000
 10734,0.0000,0.0000,0.0000,0.0500,0.0000
 10735,0.0000,0.0000,0.0000,0.0000,0.0102
 10736,0.0000,0.0000,0.0000,0.0500,0.0000
 10737,0.0000,0.0000,0.0000,0.0500,0.0000
 10738,0.0000,0.0000,0.0000,0.0500,0.0000
 10739,0.0000,0.0000,0.0000,0.0500,0.0000
 10740,0.0000,0.0000,0.0000,0.0500,0.0000
 10741,0.0000,0.0000,0.0000,0.0500,0.0000
 10742,0.0000,0.0000,0.0000,0.0500,0.0000
 10743,0.0000,0.0000,0.0000,0.0500,0.0000
 10744,0.0000,0.0000,0.0000,0.0500,0.0000
 10745,0.0000,0.0000,0.0000,0.0500,0.0000
 10746,0.0000,0.0000,0.0000,0.0500,0.0000
 10747,0.0000,0.0000,0.0000,0.0000,0.0000
 10748,0.0000,0.0000,0.0000,0.0500,0.0000
 10749,0.0000,0.0000,0.0000,0.0000,0.0000
 10750,0.0000,0.0000,0.0000,0.0100,0.0000
 10751,0.0000,0.0000,0.0000,0.0500,0.0000
 10752,0.0000,0.0000,0.0000,0.0500,0.0000
 10753,0.0000,0.0000,0.0000,0.0500,0.0000
 10754,0.0000,0.0000,0.0000,0.0500,0.0000
 10755,0.0000,0.0000,0.0000,0.0500,0.0000
 10756,0.0000,0.0000,0.0000,0.0500,0.0000
 10757,0.0000,0.0000,0.0000,0.0500,0.0000
 10758,0.0000,0.0000,0.0000,0.0500,0.0000
 10759,0.0000,0.0000,0.0000,0.0500,0.0000
 10760,0.0000,0.0000,0.0000,0.0500,0.0000
 10761,0.0000,0.0000,0.0000,0.0500,0.0000
 10762,0.0000,0.0000,0.0000,0.0500,0.0000
 10763,0.0000,0.0000,0.0000,0.0500,0.0000
 10764,0.0000,0.0000,0.0000,0.0500,0.0000
 10765,0.0000,0.0000,0.0000,0.0500,0.0000
 10766,0.0000,0.0000,0.0000,0.0500,0.0000
 10767,0.0000,0.0000,0.0000,0.0500,0.0000
 10768,0.0000,0.0000,0.0000,0.0500,0.0000
 10769,0.0000,0.0000,0.0000,0.0500,0.0000
 10770,0.0000,0.0000,0.0000,0.0500,0.0000
 10771,0.0000,0.0000,0.0000,0.0500,0.0000
 10772,0.0000,0.0000,0.0000,0.0500,0.0000
 10773,0.0000,0.0000,0.0000,0.0500,0.0000
 10774,0.0000,0.0000,0.0000,0.0500,0.0000
 10775,0.0000,0.0000,0.0000,0.0500,0.0000
 10776,0.0000,0.0000,0.0000,0.0500,0.0000
 10777,0.0000,0.0000,0.0000,0.0500,0.0000
 10778,0.0000,0.0000,0.0000,0.0500,0.0000
 10779,0.0000,0.0000,0.0000,0.0500,0.0000
 10780,0.0000,0.0000,0.0000,0.0500,0.0000
 10781,0.0000,0.0000,0.0000,0.0500,0.0000
 10782,0.0000,0.0000,0.0000,0.0500,0.0000
 10783,0.0000,0.0000,0.0000,0.0500,0.0000
 10784,0.0000,0.0000,0.0000,0.0500,0.0000
 10785,0.0000,0.0000,0.0000,0.0500,0.0000
 10786,0.0000,0.0000,0.0000,0.0500,0.0000
 10787,0.0000,0.0000,0.0000,0.0500,0.0000
 10788,0.0000,0.0000,0.0000,0.0500,0.0000
 10789,0.0000,0.0000,0.0000,0.0500,0.0000
 10790,0.0000,0.0000,0.0000,0.0500,0.0000
 10791,0.0000,0.0000,0.0000,0.0500,0.0000
 10792,0.0000,0.0000,0.0000,0.0500,0.0000
 10793,0.0000,0.0000,0.0000,0.0500,0.0000
 10794,0.0000,0.0000,0.0000,0.0500,0.0000
 10795,0.0000,0.0000,0.0000,0.0500,0.0000
 10796,0.0000,0.0000,0.0000,0.0500,0.0000
 10797,0.0000,0.0000,0.0000,0.0500,0.0000
 10798,0.0000,0.0000,0.0000,0.0500,0.0000
 10799,0.0000,0.0000,0.0000,0.0500,0.0000
 10800,0.0000,0.0000,0.0000,0.0500,0.0000
 10801,0.0000,0.0000,0.0000,0.0500,0.0000
 10802,0.0000,0.0000,0.0000,0.0000,0.0000
 10803,0.0000,0.0000,0.0000,0.0100,0.0000
 10804,0.0000,0.0000,0.0000,0.0100,0.0000
 10805,0.0000,0.0000,0.0000,0.0000,0.0101
 10806,0.0000,0.0000,0.0000,0.0000,0.0000
 10807,0.0000,0.0000,0.0000,0.0000,0.0000
 10808,0.0000,0.0000,0.0000,0.0000,0.0101
 10809,0.0000,0.0000,0.0000,0.0000,0.0101
 10810,0.0000,0.0000,0.0000,0.0500,0.0000
 10811,0.0000,0.0000,0.0000,0.0000,0.0101
 10812,0.0000,0.0000,0.0000,0.0500,0.0000
 10813,0.0000,0.0000,0.0000,0.0500,0.0000
 10814,0.0000,0.0000,0.0000,0.0500,0.0000
 10815,0.0000,0.0000,0.0000,0.0500,0.0000
 10816,0.0000,0.0000,0.0000,0.0500,0.0000
 10817,0.0000,0.0000,0.0000,0.0500,0.0000
 10818,0.0000,0.0000,0.0000,0.0500,0.0000
 10819,0.0000,0.0000,0.0000,0.0500,0.0000
 10820,0.0000,0.0000,0.0000,0.0500,0.0000
 10821,0.0000,0.0000,0.0000,0.0500,0.0000
 10822,0.0000,0.0000,0.0000,0.0500,0.0000
 10823,0.0000,0.0000,0.0000,0.0500,0.0000
 10824,0.0000,0.0000,0.0000,0.0500,0.0000
 10825,0.0000,0.0000,0.0000,0.0500,0.0000
 10826,0.0000,0.0000,0.0000,0.0500,0.0000
 10827,0.0000,0.0000,0.0000,0.0500,0.0000
 10828,0.0000,0.0000,0.0000,0.0500,0.0000
 10829,0.0000,0.0000,0.0000,0.0500,0.0000
 10830,0.0000,0.0000,0.0000,0.0500,0.0000
 10831,0.0000,0.0000,0.0000,0.0500,0.0000
 10832,0.0000,0.0000,0.0000,0.0500,0.0000
 10833,0.0000,0.0000,0.0000,0.0500,0.0000
 10834,0.0000,0.0000,0.0000,0.0500,0.0000
 10835,0.0000,0.0000,0.0000,0.0500,0.0000
 10836,0.0000,0.0000,0.0000,0.0500,0.0000
 10837,0.0000,0.0000,0.0000,0.0500,0.0000
 10838,0.0000,0.0000,0.0000,0.0000,0.0000
 10839,0.0000,0.0000,0.0000,0.0500,0.0000
 10840,0.0000,0.0000,0.0000,0.0500,0.0000
 10841,0.0000,0.0000,0.0000,0.0500,0.0000
 10842,0.0000,0.0000,0.0000,0.0500,0.0000
 10843,0.0000,0.0000,0.0000,0.0500,0.0000
 10844,0.0000,0.0000,0.0000,0.0500,0.0000
 10845,0.0000,0.0000,0.0000,0.0500,0.0000
 10846,0.0000,0.0000,0.0000,0.0500,0.0000
 10847,0.0000,0.0000,0.0000,0.0500,0.0000
 10848,0.0000,0.0000,0.0000,0.0500,0.0000
 10849,0.0000,0.0000,0.0000,0.0500,0.0000
 10850,0.0000,0.0000,0.0000,0.0500,0.0000
 10851,0.0000,0.0000,0.0000,0.0500,0.0000
 10852,0.0000,0.0000,0.0000,0.0500,0.0000
 10853,0.0000,0.0000,0.0000,0.0500,0.0000
 10854,0.0000,0.0000,0.0000,0.0500,0.0000
 10855,0.0000,0.0000,0.0000,0.0500,0.0000
 10856,0.0000,0.0000,0.0000,0.0500,0.0000
 10857,0.0000,0.0000,0.0000,0.0500,0.0000
 10858,0.0000,0.0000,0.0000,0.0500,0.0000
 10859,0.0000,0.0000,0.0000,0.0500,0.0000
 10860,0.0000,0.0000,0.0000,0.0500,0.0000
 10861,0.0000,0.0000,0.0000,0.0500,0.0000
 10862,0.0000,0.0000,0.0000,0.0500,0.0000
 10863,0.0000,0.0000,0.0000,0.0500,0.0000
 10864,0.0000,0.0000,0.0000,0.0500,0.0000
 10865,0.0000,0.0000,0.0000,0.0500,0.0000
 10866,0.0000,0.0000,0.0000,0.0500,0.0000
 10867,0.0000,0.0000,0.0000,0.0500,0.0000
 10868,0.0000,0.0000,0.0000,0.0500,0.0000
 10869,0.0000,0.0000,0.0000,0.0500,0.0000
 10870,0.0000,0.0000,0.0000,0.0500,0.0000
 10871,0.0000,0.0000,0.0000,0.0500,0.0000
 10872,0.0000,0.0000,0.0000,0.0500,0.0000
 10873,0.0000,0.0000,0.0000,0.0500,0.0000
 10874,0.0000,0.0000,0.0000,0.0500,0.0000
 10875,0.0000,0.0000,0.0000,0.0500,0.0000
 10876,0.0000,0.0000,0.0000,0.0500,0.0000
 10877,0.0000,0.0000,0.0000,0.0500,0.0000
 10878,0.0000,0.0000,0.0000,0.0500,0.0000
 10879,0.0000,0.0000,0.0000,0.0500,0.0000
 10880,0.0000,0.0000,0.0000,0.0500,0.0000
 10881,0.0000,0.0000,0.0000,0.0500,0.0000
 10882,0.0000,0.0000,0.0000,0.0500,0.0000
 10883,0.0000,0.0000,0.0000,0.0500,0.0000
 10884,0.0000,0.0000,0.0000,0.0500,0.0000
 10885,0.0000,0.0000,0.0000,0.0500,0.0000
 10886,0.0000,0.0000,0.0000,0.0500,0.0000
 10887,0.0000,0.0000,0.0000,0.0500,0.0000
 10888,0.0000,0.0000,0.0000,0.0100,0.0000
 10889,0.0000,0.0000,0.0000,0.0000,0.0000
 10890,0.0000,0.0000,0.0000,0.0100,0.0000
 10891,0.0000,0.0000,0.0000,0.0000,0.0000
 10892,0.0000,0.0000,0.0000,0.0100,0.0000
 10893,0.0000,0.0000,0.0000,0.0100,0.0000
 10894,0.0000,0.0000,0.0000,0.0000,0.0100
 10895,0.0000,0.0000,0.0000,0.0000,0.0100
 10896,0.0000,0.0000,0.0000,0.0000,0.0102
 10897,0.0000,0.0000,0.0000,0.0000,0.0100
 10898,0.0000,0.0000,0.0000,0.0500,0.0000
 10899,0.0000,0.0000,0.0000,0.0500,0.0000
 10900,0.0000,0.0000,0.0000,0.0500,0.0000
 10901,0.0000,0.0000,0.0000,0.0500,0.0000
 10902,0.0000,0.0000,0.0000,0.0500,0.0000
 10903,0.0000,0.0000,0.0000,0.0500,0.0000
 10904,0.0000,0.0000,0.0000,0.0500,0.0000
 10905,0.0000,0.0000,0.0000,0.0000,0.0100
 10906,0.0000,0.0000,0.0000,0.0500,0.0000
 10907,0.0000,0.0000,0.0000,0.0500,0.0000
 10908,0.0000,0.0000,0.0000,0.0500,0.0000
 10909,0.0000,0.0000,0.0000,0.0500,0.0000
 10910,0.0000,0.0000,0.0000,0.0500,0.0000
 10911,0.0000,0.0000,0.0000,0.0500,0.0000
 10912,0.0000,0.0000,0.0000,0.0500,0.0000
 10913,0.0000,0.0000,0.0000,0.0500,0.0000
 10914,0.0000,0.0000,0.0000,0.0500,0.0000
 10915,0.0000,0.0000,0.0000,0.0500,0.0000
 10916,0.0000,0.0000,0.0000,0.0500,0.0000
 10917,0.0000,0.0000,0.0000,0.0500,0.0000
 10918,0.0000,0.0000,0.0000,0.0500,0.0000
 10919,0.0000,0.0000,0.0000,0.0500,0.0000
 10920,0.0000,0.0000,0.0000,0.0500,0.0000
 10921,0.0000,0.0000,0.0000,0.0500,0.0000
 10922,0.0000,0.0000,0.0000,0.0500,0.0000
 10923,0.0000,0.0000,0.0000,0.0500,0.0000
 10924,0.0000,0.0000,0.0000,0.0500,0.0000
 10925,0.0000,0.0000,0.0000,0.0500,0.0000
 10926,0.0000,0.0000,0.0000,0.0500,0.0000
 10927,0.0000,0.0000,0.0000,0.0500,0.0000
 10928,0.0000,0.0000,0.0000,0.0500,0.0000
 10929,0.0000,0.0000,0.0000,0.0500,0.0000
 10930,0.0000,0.0000,0.0000,0.0500,0.0000
 10931,0.0000,0.0000,0.0000,0.0500,0.0000
 10932,0.0000,0.0000,0.0000,0.0500,0.0000
 10933,0.0000,0.0000,0.0000,0.0500,0.0000
 10934,0.0000,0.0000,0.0000,0.0500,0.0000
 10935,0.0000,0.0000,0.0000,0.0500,0.0000
 10936,0.0000,0.0000,0.0000,0.0500,0.0000
 10937,0.0000,0.0000,0.0000,0.0500,0.0000
 10938,0.0000,0.0000,0.0000,0.0500,0.0000
 10939,0.0000,0.0000,0.0000,0.0500,0.0000
 10940,0.0000,0.0000,0.0000,0.0500,0.0000
 10941,0.0000,0.0000,0.0000,0.0500,0.0000
 10942,0.0000,0.0000,0.0000,0.0500,0.0000
 10943,0.0000,0.0000,0.0000,0.0500,0.0000
 10944,0.0000,0.0000,0.0000,0.0500,0.0000
 10945,0.0000,0.0000,0.0000,0.0500,0.0000
 10946,0.0000,0.0000,0.0000,0.0500,0.0000
 10947,0.0000,0.0000,0.0000,0.0500,0.0000
 10948,0.0000,0.0000,0.0000,0.0500,0.0000
 10949,0.0000,0.0000,0.0000,0.0500,0.0000
 10950,0.0000,0.0000,0.0000,0.0500,0.0000
 10951,0.0000,0.0000,0.0000,0.0500,0.0000
 10952,0.0000,0.0000,0.0000,0.0500,0.0000
 10953,0.0000,0.0000,0.0000,0.0500,0.0000
 10954,0.0000,0.0000,0.0000,0.0500,0.0000
 10955,0.0000,0.0000,0.0000,0.0500,0.0000
 10956,0.0000,0.0000,0.0000,0.0500,0.0000
 10957,0.0000,0.0000,0.0000,0.0500,0.0000
 10958,0.0000,0.0000,0.0000,0.0500,0.0000
 10959,0.0000,0.0000,0.0000,0.0500,0.0000
 10960,0.0000,0.0000,0.0000,0.0500,0.0000
 10961,0.0000,0.0000,0.0000,0.0500,0.0000
 10962,0.0000,0.0000,0.0000,0.0500,0.0000
 10963,0.0000,0.0000,0.0000,0.0500,0.0000
 10964,0.0000,0.0000,0.0000,0.0500,0.0000
 10965,0.0000,0.0000,0.0000,0.0500,0.0000
 10966,0.0000,0.0000,0.0000,0.0500,0.0000
 10967,0.0000,0.0000,0.0000,0.0500,0.0000
 10968,0.0000,0.0000,0.0000,0.0500,0.0000
 10969,0.0000,0.0000,0.0000,0.0000,0.0000
 10970,0.0000,0.0000,0.0000,0.0000,0.0000
 10971,0.0000,0.0000,0.0000,0.0000,0.0000
 10972,0.0000,0.0000,0.0000,0.0000,0.0106
 10973,0.0000,0.0000,0.0000,0.0000,0.0000
 10974,0.0000,0.0000,0.0000,0.0000,0.0101
 10975,0.0000,0.0000,0.0000,0.0000,0.0102
 10976,0.0000,0.0000,0.0000,0.0000,0.0108
 10977,0.0000,0.0000,0.0000,0.0000,0.0113
 10978,0.0000,0.0000,0.0000,0.0000,0.0105
 10979,0.0000,0.0000,0.0000,0.0500,0.0000
 10980,0.0000,0.0000,0.0000,0.0500,0.0000
 10981,0.0000,0.0000,0.0000,0.0500,0.0000
 10982,0.0000,0.0000,0.0000,0.0500,0.0000
 10983,0.0000,0.0000,0.0000,0.0500,0.0000
 10984,0.0000,0.0000,0.0000,0.0500,0.0000
 10985,0.0000,0.0000,0.0000,0.0500,0.0000
 10986,0.0000,0.0000,0.0000,0.0500,0.0000
 10987,0.0000,0.0000,0.0000,0.0000,0.0100
 10988,0.0000,0.0000,0.0000,0.0500,0.0000
 10989,0.0000,0.0000,0.0000,0.0500,0.0000
 10990,0.0000,0.0000,0.0000,0.0500,0.0000
 10991,0.0000,0.0000,0.0000,0.0500,0.0000
 10992,0.0000,0.0000,0.0000,0.0500,0.0000
 10993,0.0000,0.0000,0.0000,0.0500,0.0000
 10994,0.0000,0.0000,0.0000,0.0000,0.0101
 10995,0.0000,0.0000,0.0000,0.0500,0.0000
 10996,0.0000,0.0000,0.0000,0.0500,0.0000
 10997,0.0000,0.0000,0.0000,0.0500,0.0000
 10998,0.0000,0.0000,0.0000,0.0500,0.0000
 10999,0.0000,0.0000,0.0000,0.0500,0.0000
 11000,0.0000,0.0000,0.0000,0.0500,0.0000
 11001,0.0000,0.0000,0.0000,0.0500,0.0000
 11002,0.0000,0.0000,0.0000,0.0500,0.0000
 11003,0.0000,0.0000,0.0000,0.0500,0.0000
 11004,0.0000,0.0000,0.0000,0.0500,0.0000
 11005,0.0000,0.0000,0.0000,0.0500,0.0000
 11006,0.0000,0.0000,0.0000,0.0500,0.0000
 11007,0.0000,0.0000,0.0000,0.0500,0.0000
 11008,0.0000,0.0000,0.0000,0.0500,0.0000
 11009,0.0000,0.0000,0.0000,0.0500,0.0000
 11010,0.0000,0.0000,0.0000,0.0500,0.0000
 11011,0.0000,0.0000,0.0000,0.0500,0.0000
 11012,0.0000,0.0000,0.0000,0.0500,0.0000
 11013,0.0000,0.0000,0.0000,0.0500,0.0000
 11014,0.0000,0.0000,0.0000,0.0500,0.0000
 11015,0.0000,0.0000,0.0000,0.0500,0.0000
 11016,0.0000,0.0000,0.0000,0.0500,0.0000
 11017,0.0000,0.0000,0.0000,0.0500,0.0000
 11018,0.0000,0.0000,0.0000,0.0500,0.0000
 11019,0.0000,0.0000,0.0000,0.0500,0.0000
 11020,0.0000,0.0000,0.0000,0.0500,0.0000
 11021,0.0000,0.0000,0.0000,0.0500,0.0000
 11022,0.0000,0.0000,0.0000,0.0500,0.0000
 11023,0.0000,0.0000,0.0000,0.0500,0.0000
 11024,0.0000,0.0000,0.0000,0.0500,0.0000
 11025,0.0000,0.0000,0.0000,0.0500,0.0000
 11026,0.0000,0.0000,0.0000,0.0500,0.0000
 11027,0.0000,0.0000,0.0000,0.0500,0.0000
 11028,0.0000,0.0000,0.0000,0.0500,0.0000
 11029,0.0000,0.0000,0.0000,0.0500,0.0000
 11030,0.0000,0.0000,0.0000,0.0500,0.0000
 11031,0.0000,0.0000,0.0000,0.0500,0.0000
 11032,0.0000,0.0000,0.0000,0.0500,0.0000
 11033,0.0000,0.0000,0.0000,0.0500,0.0000
 11034,0.0000,0.0000,0.0000,0.0500,0.0000
 11035,0.0000,0.0000,0.0000,0.0500,0.0000
 11036,0.0000,0.0000,0.0000,0.0500,0.0000
 11037,0.0000,0.0000,0.0000,0.0500,0.0000
 11038,0.0000,0.0000,0.0000,0.0500,0.0000
 11039,0.0000,0.0000,0.0000,0.0500,0.0000
 11040,0.0000,0.0000,0.0000,0.0500,0.0000
 11041,0.0000,0.0000,0.0000,0.0500,0.0000
 11042,0.0000,0.0000,0.0000,0.0500,0.0000
 11043,0.0000,0.0000,0.0000,0.0500,0.0000
 11044,0.0000,0.0000,0.0000,0.0500,0.0000
 11045,0.0000,0.0000,0.0000,0.0500,0.0000
 11046,0.0000,0.0000,0.0000,0.0500,0.0000
 11047,0.0000,0.0000,0.0000,0.0000,0.0000
 11048,0.0000,0.0000,0.0000,0.0000,0.0000
 11049,0.0000,0.0000,0.0000,0.0500,0.0000
 11050,0.0000,0.0000,0.0000,0.0000,0.0000
 11051,0.0000,0.0000,0.0000,0.0000,0.0111
 11052,0.0000,0.0000,0.0000,0.0500,0.0000
 11053,0.0000,0.0000,0.0000,0.0000,0.0126
 11054,0.0000,0.0000,0.0000,0.0000,0.0162
 11055,0.0000,0.0000,0.0000,0.0000,0.0103
 11056,0.0000,0.0000,0.0000,0.0500,0.0000
 11057,0.0000,0.0000,0.0000,0.0500,0.0000
 11058,0.0000,0.0000,0.0000,0.0500,0.0000
 11059,0.0000,0.0000,0.0000,0.0500,0.0000
 11060,0.0000,0.0000,0.0000,0.0500,0.0000
 11061,0.0000,0.0000,0.0000,0.0000,0.0107
 11062,0.0000,0.0000,0.0000,0.0500,0.0000
 11063,0.0000,0.0000,0.0000,0.0500,0.0000
 11064,0.0000,0.0000,0.0000,0.0500,0.0000
 11065,0.0000,0.0000,0.0000,0.0500,0.0000
 11066,0.0000,0.0000,0.0000,0.0500,0.0000
 11067,0.0000,0.0000,0.0000,0.0500,0.0000
 11068,0.0000,0.0000,0.0000,0.0500,0.0000
 11069,0.0000,0.0000,0.0000,0.0500,0.0000
 11070,0.0000,0.0000,0.0000,0.0500,0.0000
 11071,0.0000,0.0000,0.0000,0.0500,0.0000
 11072,0.0000,0.0000,0.0000,0.0000,0.0101
 11073,0.0000,0.0000,0.0000,0.0500,0.0000
 11074,0.0000,0.0000,0.0000,0.0000,0.0102
 11075,0.0000,0.0000,0.0000,0.0000,0.0100
 11076,0.0000,0.0000,0.0000,0.0500,0.0000
 11077,0.0000,0.0000,0.0000,0.0000,0.0101
 11078,0.0000,0.0000,0.0000,0.0500,0.0000
 11079,0.0000,0.0000,0.0000,0.0500,0.0000
 11080,0.0000,0.0000,0.0000,0.0500,0.0000
 11081,0.0000,0.0000,0.0000,0.0500,0.0000
 11082,0.0000,0.0000,0.0000,0.0500,0.0000
 11083,0.0000,0.0000,0.0000,0.0500,0.0000
 11084,0.0000,0.0000,0.0000,0.0500,0.0000
 11085,0.0000,0.0000,0.0000,0.0500,0.0000
 11086,0.0000,0.0000,0.0000,0.0500,0.0000
 11087,0.0000,0.0000,0.0000,0.0500,0.0000
 11088,0.0000,0.0000,0.0000,0.0500,0.0000
 11089,0.0000,0.0000,0.0000,0.0500,0.0000
 11090,0.0000,0.0000,0.0000,0.0500,0.0000
 11091,0.0000,0.0000,0.0000,0.0500,0.0000
 11092,0.0000,0.0000,0.0000,0.0500,0.0000
 11093,0.0000,0.0000,0.0000,0.0500,0.0000
 11094,0.0000,0.0000,0.0000,0.0500,0.0000
 11095,0.0000,0.0000,0.0000,0.0500,0.0000
 11096,0.0000,0.0000,0.0000,0.0500,0.0000
 11097,0.0000,0.0000,0.0000,0.0500,0.0000
 11098,0.0000,0.0000,0.0000,0.0500,0.0000
 11099,0.0000,0.0000,0.0000,0.0500,0.0000
 11100,0.0000,0.0000,0.0000,0.0500,0.0000
 11101,0.0000,0.0000,0.0000,0.0500,0.0000
 11102,0.0000,0.0000,0.0000,0.0500,0.0000
 11103,0.0000,0.0000,0.0000,0.0500,0.0000
 11104,0.0000,0.0000,0.0000,0.0500,0.0000
 11105,0.0000,0.0000,0.0000,0.0500,0.0000
 11106,0.0000,0.0000,0.0000,0.0500,0.0000
 11107,0.0000,0.0000,0.0000,0.0500,0.0000
 11108,0.0000,0.0000,0.0000,0.0500,0.0000
 11109,0.0000,0.0000,0.0000,0.0500,0.0000
 11110,0.0000,0.0000,0.0000,0.0500,0.0000
 11111,0.0000,0.0000,0.0000,0.0500,0.0000
 11112,0.0000,0.0000,0.0000,0.0500,0.0000
 11113,0.0000,0.0000,0.0000,0.0500,0.0000
 11114,0.0000,0.0000,0.0000,0.0500,0.0000
 11115,0.0000,0.0000,0.0000,0.0500,0.0000
 11116,0.0000,0.0000,0.0000,0.0500,0.0000
 11117,0.0000,0.0000,0.0000,0.0500,0.0000
 11118,0.0000,0.0000,0.0000,0.0500,0.0000
 11119,0.0000,0.0000,0.0000,0.0500,0.0000
 11120,0.0000,0.0000,0.0000,0.0500,0.0000
 11121,0.0000,0.0000,0.0000,0.0500,0.0000
 11122,0.0000,0.0000,0.0000,0.0500,0.0000
 11123,0.0000,0.0000,0.0000,0.0500,0.0000
 11124,0.0000,0.0000,0.0000,0.0500,0.0000
 11125,0.0000,0.0000,0.0000,0.0500,0.0000
 11126,0.0000,0.0000,0.0000,0.0500,0.0000
 11127,0.0000,0.0000,0.0000,0.0500,0.0000
 11128,0.0000,0.0000,0.0000,0.0000,0.0000
 11129,0.0000,0.0000,0.0000,0.0000,0.0149
 11130,0.0000,0.0000,0.0000,0.0000,0.0000
 11131,0.0000,0.0000,0.0000,0.0000,0.0125
 11132,0.0000,0.0000,0.0000,0.0500,0.0000
 11133,0.0000,0.0000,0.0000,0.0500,0.0000
 11134,0.0000,0.0000,0.0000,0.0500,0.0000
 11135,0.0000,0.0000,0.0000,0.0000,0.0183
 11136,0.0000,0.0000,0.0000,0.0000,0.1862
 11137,0.0000,0.0000,0.0000,0.0500,0.0000
 11138,0.0000,0.0000,0.0000,0.0000,0.0100
 11139,0.0000,0.0000,0.0000,0.0500,0.0000
 11140,0.0000,0.0000,0.0000,0.0500,0.0000
 11141,0.0000,0.0000,0.0000,0.0500,0.0000
 11142,0.0000,0.0000,0.0000,0.0500,0.0000
 11143,0.0000,0.0000,0.0000,0.0500,0.0000
 11144,0.0000,0.0000,0.0000,0.0000,0.0106
 11145,0.0000,0.0000,0.0000,0.0000,0.0117
 11146,0.0000,0.0000,0.0000,0.0500,0.0000
 11147,0.0000,0.0000,0.0000,0.0500,0.0000
 11148,0.0000,0.0000,0.0000,0.0500,0.0000
 11149,0.0000,0.0000,0.0000,0.0500,0.0000
 11150,0.0000,0.0000,0.0000,0.0500,0.0000
 11151,0.0000,0.0000,0.0000,0.0500,0.0000
 11152,0.0000,0.0000,0.0000,0.0000,0.0102
 11153,0.0000,0.0000,0.0000,0.0500,0.0000
 11154,0.0000,0.0000,0.0000,0.0500,0.0000
 11155,0.0000,0.0000,0.0000,0.0500,0.0000
 11156,0.0000,0.0000,0.0000,0.0500,0.0000
 11157,0.0000,0.0000,0.0000,0.0500,0.0000
 11158,0.0000,0.0000,0.0000,0.0500,0.0000
 11159,0.0000,0.0000,0.0000,0.0500,0.0000
 11160,0.0000,0.0000,0.0000,0.0500,0.0000
 11161,0.0000,0.0000,0.0000,0.0500,0.0000
 11162,0.0000,0.0000,0.0000,0.0500,0.0000
 11163,0.0000,0.0000,0.0000,0.0500,0.0000
 11164,0.0000,0.0000,0.0000,0.0500,0.0000
 11165,0.0000,0.0000,0.0000,0.0500,0.0000
 11166,0.0000,0.0000,0.0000,0.0500,0.0000
 11167,0.0000,0.0000,0.0000,0.0500,0.0000
 11168,0.0000,0.0000,0.0000,0.0500,0.0000
 11169,0.0000,0.0000,0.0000,0.0500,0.0000
 11170,0.0000,0.0000,0.0000,0.0500,0.0000
 11171,0.0000,0.0000,0.0000,0.0500,0.0000
 11172,0.0000,0.0000,0.0000,0.0500,0.0000
 11173,0.0000,0.0000,0.0000,0.0500,0.0000
 11174,0.0000,0.0000,0.0000,0.0500,0.0000
 11175,0.0000,0.0000,0.0000,0.0500,0.0000
 11176,0.0000,0.0000,0.0000,0.0500,0.0000
 11177,0.0000,0.0000,0.0000,0.0500,0.0000
 11178,0.0000,0.0000,0.0000,0.0500,0.0000
 11179,0.0000,0.0000,0.0000,0.0500,0.0000
 11180,0.0000,0.0000,0.0000,0.0500,0.0000
 11181,0.0000,0.0000,0.0000,0.0500,0.0000
 11182,0.0000,0.0000,0.0000,0.0500,0.0000
 11183,0.0000,0.0000,0.0000,0.0500,0.0000
 11184,0.0000,0.0000,0.0000,0.0500,0.0000
 11185,0.0000,0.0000,0.0000,0.0500,0.0000
 11186,0.0000,0.0000,0.0000,0.0500,0.0000
 11187,0.0000,0.0000,0.0000,0.0500,0.0000
 11188,0.0000,0.0000,0.0000,0.0500,0.0000
 11189,0.0000,0.0000,0.0000,0.0500,0.0000
 11190,0.0000,0.0000,0.0000,0.0500,0.0000
 11191,0.0000,0.0000,0.0000,0.0500,0.0000
 11192,0.0000,0.0000,0.0000,0.0500,0.0000
 11193,0.0000,0.0000,0.0000,0.0500,0.0000
 11194,0.0000,0.0000,0.0000,0.0500,0.0000
 11195,0.0000,0.0000,0.0000,0.0500,0.0000
 11196,0.0000,0.0000,0.0000,0.0500,0.0000
 11197,0.0000,0.0000,0.0000,0.0500,0.0000
 11198,0.0000,0.0000,0.0000,0.0500,0.0000
 11199,0.0000,0.0000,0.0000,0.0500,0.0000
 11200,0.0000,0.0000,0.0000,0.0500,0.0000
 11201,0.0000,0.0000,0.0000,0.0500,0.0000
 11202,0.0000,0.0000,0.0000,0.0500,0.0000
 11203,0.0000,0.0000,0.0000,0.0500,0.0000
 11204,0.0000,0.0000,0.0000,0.0500,0.0000
 11205,0.0000,0.0000,0.0000,0.0500,0.0000
 11206,0.0000,0.0000,0.0000,0.0000,37.1889
 11207,0.0000,0.0000,0.0000,0.0000,4.9598
 11208,0.0000,0.0000,0.0000,0.0000,0.9308
 11209,0.0000,0.0000,0.0000,0.0000,0.6707
 11210,0.0000,0.0000,0.0000,0.0000,47.6069
 11211,0.0000,0.0000,0.0000,0.0000,45.8249
 11212,0.0000,0.0000,0.0000,0.0500,0.0000
 11213,0.0000,0.0000,0.0000,0.0500,0.0000
 11214,0.0000,0.0000,0.0000,0.0000,0.0101
 11215,0.0000,0.0000,0.0000,0.0000,0.0105
 11216,0.0000,0.0000,0.0000,0.0500,0.0000
 11217,0.0000,0.0000,0.0000,0.0500,0.0000
 11218,0.0000,0.0000,0.0000,0.0500,0.0000
 11219,0.0000,0.0000,0.0000,0.0500,0.0000
 11220,0.0000,0.0000,0.0000,0.0500,0.0000
 11221,0.0000,0.0000,0.0000,0.0500,0.0000
 11222,0.0000,0.0000,0.0000,0.0500,0.0000
 11223,0.0000,0.0000,0.0000,0.0000,0.0000
 11224,0.0000,0.0000,0.0000,0.0000,44.1248
 11225,0.0000,0.0000,0.0000,0.0500,0.0000
 11226,0.0000,0.0000,0.0000,0.0000,0.0000
 11227,0.0000,0.0000,0.0000,0.0000,0.0000
 11228,0.0000,0.0000,0.0000,0.0000,0.0101
 11229,0.0000,0.0000,0.0000,0.0000,0.0100
 11230,0.0000,0.0000,0.0000,0.0500,0.0000
 11231,0.0000,0.0000,0.0000,0.0500,0.0000
 11232,0.0000,0.0000,0.0000,0.0500,0.0000
 11233,0.0000,0.0000,0.0000,0.0500,0.0000
 11234,0.0000,0.0000,0.0000,0.0500,0.0000
 11235,0.0000,0.0000,0.0000,0.0500,0.0000
 11236,0.0000,0.0000,0.0000,0.0500,0.0000
 11237,0.0000,0.0000,0.0000,0.0500,0.0000
 11238,0.0000,0.0000,0.0000,0.0500,0.0000
 11239,0.0000,0.0000,0.0000,0.0500,0.0000
 11240,0.0000,0.0000,0.0000,0.0500,0.0000
 11241,0.0000,0.0000,0.0000,0.0500,0.0000
 11242,0.0000,0.0000,0.0000,0.0500,0.0000
 11243,0.0000,0.0000,0.0000,0.0500,0.0000
 11244,0.0000,0.0000,0.0000,0.0500,0.0000
 11245,0.0000,0.0000,0.0000,0.0500,0.0000
 11246,0.0000,0.0000,0.0000,0.0500,0.0000
 11247,0.0000,0.0000,0.0000,0.0500,0.0000
 11248,0.0000,0.0000,0.0000,0.0500,0.0000
 11249,0.0000,0.0000,0.0000,0.0500,0.0000
 11250,0.0000,0.0000,0.0000,0.0500,0.0000
 11251,0.0000,0.0000,0.0000,0.0500,0.0000
 11252,0.0000,0.0000,0.0000,0.0500,0.0000
 11253,0.0000,0.0000,0.0000,0.0500,0.0000
 11254,0.0000,0.0000,0.0000,0.0500,0.0000
 11255,0.0000,0.0000,0.0000,0.0500,0.0000
 11256,0.0000,0.0000,0.0000,0.0500,0.0000
 11257,0.0000,0.0000,0.0000,0.0500,0.0000
 11258,0.0000,0.0000,0.0000,0.0500,0.0000
 11259,0.0000,0.0000,0.0000,0.0500,0.0000
 11260,0.0000,0.0000,0.0000,0.0500,0.0000
 11261,0.0000,0.0000,0.0000,0.0500,0.0000
 11262,0.0000,0.0000,0.0000,0.0500,0.0000
 11263,0.0000,0.0000,0.0000,0.0500,0.0000
 11264,0.0000,0.0000,0.0000,0.0500,0.0000
 11265,0.0000,0.0000,0.0000,0.0500,0.0000
 11266,0.0000,0.0000,0.0000,0.0500,0.0000
 11267,0.0000,0.0000,0.0000,0.0500,0.0000
 11268,0.0000,0.0000,0.0000,0.0500,0.0000
 11269,0.0000,0.0000,0.0000,0.0500,0.0000
 11270,0.0000,0.0000,0.0000,0.0500,0.0000
 11271,0.0000,0.0000,0.0000,0.0500,0.0000
 11272,0.0000,0.0000,0.0000,0.0500,0.0000
 11273,0.0000,0.0000,0.0000,0.0500,0.0000
 11274,0.0000,0.0000,0.0000,0.0500,0.0000
 11275,0.0000,0.0000,0.0000,0.0500,0.0000
 11276,0.0000,0.0000,0.0000,0.0500,0.0000
 11277,0.0000,0.0000,0.0000,0.0100,0.0000
 11278,0.0000,0.0000,0.0000,0.0000,0.0000
 11279,0.0000,0.0000,0.0000,0.0500,0.0000
 11280,0.0000,0.0000,0.0000,0.0500,0.0000
 11281,0.0000,0.0000,0.0000,0.0500,0.0000
 11282,0.0000,0.0000,0.0000,0.0500,0.0000
 11283,0.0000,0.0000,0.0000,0.0000,0.0101
 11284,0.0000,0.0000,0.0000,0.0000,0.0100
 11285,0.0000,0.0000,0.0000,0.0500,0.0000
 11286,0.0000,0.0000,0.0000,0.0500,0.0000
 11287,0.0000,0.0000,0.0000,0.0500,0.0000
 11288,0.0000,0.0000,0.0000,0.0500,0.0000
 11289,0.0000,0.0000,0.0000,0.0000,0.0101
 11290,0.0000,0.0000,0.0000,0.0000,0.0000
 11291,0.0000,0.0000,0.0000,0.0500,0.0000
 11292,0.0000,0.0000,0.0000,0.0500,0.0000
 11293,0.0000,0.0000,0.0000,0.0500,0.0000
 11294,0.0000,0.0000,0.0000,0.0500,0.0000
 11295,0.0000,0.0000,0.0000,0.0500,0.0000
 11296,0.0000,0.0000,0.0000,0.0500,0.0000
 11297,0.0000,0.0000,0.0000,0.0500,0.0000
 11298,0.0000,0.0000,0.0000,0.0500,0.0000
 11299,0.0000,0.0000,0.0000,0.0500,0.0000
 11300,0.0000,0.0000,0.0000,0.0500,0.0000
 11301,0.0000,0.0000,0.0000,0.0500,0.0000
 11302,0.0000,0.0000,0.0000,0.0500,0.0000
 11303,0.0000,0.0000,0.0000,0.0500,0.0000
 11304,0.0000,0.0000,0.0000,0.0500,0.0000
 11305,0.0000,0.0000,0.0000,0.0500,0.0000
 11306,0.0000,0.0000,0.0000,0.0500,0.0000
 11307,0.0000,0.0000,0.0000,0.0500,0.0000
 11308,0.0000,0.0000,0.0000,0.0500,0.0000
 11309,0.0000,0.0000,0.0000,0.0500,0.0000
 11310,0.0000,0.0000,0.0000,0.0500,0.0000
 11311,0.0000,0.0000,0.0000,0.0500,0.0000
 11312,0.0000,0.0000,0.0000,0.0500,0.0000
 11313,0.0000,0.0000,0.0000,0.0500,0.0000
 11314,0.0000,0.0000,0.0000,0.0500,0.0000
 11315,0.0000,0.0000,0.0000,0.0500,0.0000
 11316,0.0000,0.0000,0.0000,0.0500,0.0000
 11317,0.0000,0.0000,0.0000,0.0500,0.0000
 11318,0.0000,0.0000,0.0000,0.0500,0.0000
 11319,0.0000,0.0000,0.0000,0.0500,0.0000
 11320,0.0000,0.0000,0.0000,0.0500,0.0000
 11321,0.0000,0.0000,0.0000,0.0500,0.0000
 11322,0.0000,0.0000,0.0000,0.0500,0.0000
 11323,0.0000,0.0000,0.0000,0.0500,0.0000
 11324,0.0000,0.0000,0.0000,0.0500,0.0000
 11325,0.0000,0.0000,0.0000,0.0500,0.0000
 11326,0.0000,0.0000,0.0000,0.0500,0.0000
 11327,0.0000,0.0000,0.0000,0.0500,0.0000
 11328,0.0000,0.0000,0.0000,0.0500,0.0000
 11329,0.0000,0.0000,0.0000,0.0500,0.0000
 11330,0.0000,0.0000,0.0000,0.0500,0.0000
 11331,0.0000,0.0000,0.0000,0.0500,0.0000
 11332,0.0000,0.0000,0.0000,0.0500,0.0000
 11333,0.0000,0.0000,0.0000,0.0500,0.0000
 11334,0.0000,0.0000,0.0000,0.0500,0.0000
 11335,0.0000,0.0000,0.0000,0.0500,0.0000
 11336,0.0000,0.0000,0.0000,0.0500,0.0000
 11337,0.0000,0.0000,0.0000,0.0500,0.0000
 11338,0.0000,0.0000,0.0000,0.0500,0.0000
 11339,0.0000,0.0000,0.0000,0.0100,0.0000
 11340,0.0000,0.0000,0.0000,0.0500,0.0000
 11341,0.0000,0.0000,0.0000,0.0500,0.0000
 11342,0.0000,0.0000,0.0000,0.0500,0.0000
 11343,0.0000,0.0000,0.0000,0.0500,0.0000
 11344,0.0000,0.0000,0.0000,0.0500,0.0000
 11345,0.0000,0.0000,0.0000,0.0500,0.0000
 11346,0.0000,0.0000,0.0000,0.0000,0.0101
 11347,0.0000,0.0000,0.0000,0.0000,0.0000
 11348,0.0000,0.0000,0.0000,0.0500,0.0000
 11349,0.0000,0.0000,0.0000,0.0500,0.0000
 11350,0.0000,0.0000,0.0000,0.0500,0.0000
 11351,0.0000,0.0000,0.0000,0.0000,0.0101
 11352,0.0000,0.0000,0.0000,0.0000,0.0133
 11353,0.0000,0.0000,0.0000,0.0500,0.0000
 11354,0.0000,0.0000,0.0000,0.0500,0.0000
 11355,0.0000,0.0000,0.0000,0.0500,0.0000
 11356,0.0000,0.0000,0.0000,0.0500,0.0000
 11357,0.0000,0.0000,0.0000,0.0500,0.0000
 11358,0.0000,0.0000,0.0000,0.0500,0.0000
 11359,0.0000,0.0000,0.0000,0.0500,0.0000
 11360,0.0000,0.0000,0.0000,0.0500,0.0000
 11361,0.0000,0.0000,0.0000,0.0500,0.0000
 11362,0.0000,0.0000,0.0000,0.0500,0.0000
 11363,0.0000,0.0000,0.0000,0.0500,0.0000
 11364,0.0000,0.0000,0.0000,0.0500,0.0000
 11365,0.0000,0.0000,0.0000,0.0500,0.0000
 11366,0.0000,0.0000,0.0000,0.0500,0.0000
 11367,0.0000,0.0000,0.0000,0.0500,0.0000
 11368,0.0000,0.0000,0.0000,0.0500,0.0000
 11369,0.0000,0.0000,0.0000,0.0500,0.0000
 11370,0.0000,0.0000,0.0000,0.0500,0.0000
 11371,0.0000,0.0000,0.0000,0.0500,0.0000
 11372,0.0000,0.0000,0.0000,0.0500,0.0000
 11373,0.0000,0.0000,0.0000,0.0500,0.0000
 11374,0.0000,0.0000,0.0000,0.0500,0.0000
 11375,0.0000,0.0000,0.0000,0.0500,0.0000
 11376,0.0000,0.0000,0.0000,0.0500,0.0000
 11377,0.0000,0.0000,0.0000,0.0500,0.0000
 11378,0.0000,0.0000,0.0000,0.0500,0.0000
 11379,0.0000,0.0000,0.0000,0.0500,0.0000
 11380,0.0000,0.0000,0.0000,0.0000,0.0100
 11381,0.0000,0.0000,0.0000,0.0500,0.0000
 11382,0.0000,0.0000,0.0000,0.0500,0.0000
 11383,0.0000,0.0000,0.0000,0.0500,0.0000
 11384,0.0000,0.0000,0.0000,0.0500,0.0000
 11385,0.0000,0.0000,0.0000,0.0500,0.0000
 11386,0.0000,0.0000,0.0000,0.0500,0.0000
 11387,0.0000,0.0000,0.0000,0.0500,0.0000
 11388,0.0000,0.0000,0.0000,0.0500,0.0000
 11389,0.0000,0.0000,0.0000,0.0500,0.0000
 11390,0.0000,0.0000,0.0000,0.0500,0.0000
 11391,0.0000,0.0000,0.0000,0.0500,0.0000
 11392,0.0000,0.0000,0.0000,0.0000,0.0100
 11393,0.0000,0.0000,0.0000,0.0000,0.0100
 11394,0.0000,0.0000,0.0000,0.0000,0.0101
 11395,0.0000,0.0000,0.0000,0.0000,0.0101
 11396,0.0000,0.0000,0.0000,0.0000,43.3105
 11397,0.0000,0.0000,0.0000,0.0000,0.0100
 11398,0.0000,0.0000,0.0000,0.0500,0.0000
 11399,0.0000,0.0000,0.0000,0.0000,0.0110
 11400,0.0000,0.0000,0.0000,0.0000,0.0105
 11401,0.0000,0.0000,0.0000,0.0000,12.5303
 11402,0.0000,0.0000,0.0000,0.0000,49.2022
 11403,0.0000,0.0000,0.0000,0.0500,0.0000
 11404,0.0000,0.0000,0.0000,0.0500,0.0000
 11405,0.0000,0.0000,0.0000,0.0500,0.0000
 11406,0.0000,0.0000,0.0000,0.0500,0.0000
 11407,0.0000,0.0000,0.0000,0.0500,0.0000
 11408,0.0000,0.0000,0.0000,0.0500,0.0000
 11409,0.0000,0.0000,0.0000,0.0500,0.0000
 11410,0.0000,0.0000,0.0000,0.0500,0.0000
 11411,0.0000,0.0000,0.0000,0.0500,0.0000
 11412,0.0000,0.0000,0.0000,0.0500,0.0000
 11413,0.0000,0.0000,0.0000,0.0500,0.0000
 11414,0.0000,0.0000,0.0000,0.0500,0.0000
 11415,0.0000,0.0000,0.0000,0.0500,0.0000
 11416,0.0000,0.0000,0.0000,0.0500,0.0000
 11417,0.0000,0.0000,0.0000,0.0500,0.0000
 11418,0.0000,0.0000,0.0000,0.0500,0.0000
 11419,0.0000,0.0000,0.0000,0.0500,0.0000
 11420,0.0000,0.0000,0.0000,0.0500,0.0000
 11421,0.0000,0.0000,0.0000,0.0500,0.0000
 11422,0.0000,0.0000,0.0000,0.0500,0.0000
 11423,0.0000,0.0000,0.0000,0.0500,0.0000
 11424,0.0000,0.0000,0.0000,0.0500,0.0000
 11425,0.0000,0.0000,0.0000,0.0500,0.0000
 11426,0.0000,0.0000,0.0000,0.0500,0.0000
 11427,0.0000,0.0000,0.0000,0.0500,0.0000
 11428,0.0000,0.0000,0.0000,0.0000,0.0100
 11429,0.0000,0.0000,0.0000,0.0500,0.0000
 11430,0.0000,0.0000,0.0000,0.0500,0.0000
 11431,0.0000,0.0000,0.0000,0.0500,0.0000
 11432,0.0000,0.0000,0.0000,0.0500,0.0000
 11433,0.0000,0.0000,0.0000,0.0500,0.0000
 11434,0.0000,0.0000,0.0000,0.0500,0.0000
 11435,0.0000,0.0000,0.0000,0.0100,0.0000
 11436,0.0000,0.0000,0.0000,0.0500,0.0000
 11437,0.0000,0.0000,0.0000,0.0500,0.0000
 11438,0.0000,0.0000,0.0000,0.0500,0.0000
 11439,0.0000,0.0000,0.0000,0.0000,0.0102
 11440,0.0000,0.0000,0.0000,0.0000,0.0100
 11441,0.0000,0.0000,0.0000,0.0000,0.0101
 11442,0.0000,0.0000,0.0000,0.0000,0.0100
 11443,0.0000,0.0000,0.0000,0.0000,0.0102
 11444,0.0000,0.0000,0.0000,0.0000,21.8073
 11445,0.0000,0.0000,0.0000,0.0000,3.4841
 11446,0.0000,0.0000,0.0000,0.0000,0.7077
 11447,0.0000,0.0000,0.0000,0.0000,0.0000
 11448,0.0000,0.0000,0.0000,0.0500,0.0000
 11449,0.0000,0.0000,0.0000,0.0500,0.0000
 11450,0.0000,0.0000,0.0000,0.0500,0.0000
 11451,0.0000,0.0000,0.0000,0.0500,0.0000
 11452,0.0000,0.0000,0.0000,0.0500,0.0000
 11453,0.0000,0.0000,0.0000,0.0500,0.0000
 11454,0.0000,0.0000,0.0000,0.0500,0.0000
 11455,0.0000,0.0000,0.0000,0.0500,0.0000
 11456,0.0000,0.0000,0.0000,0.0500,0.0000
 11457,0.0000,0.0000,0.0000,0.0500,0.0000
 11458,0.0000,0.0000,0.0000,0.0500,0.0000
 11459,0.0000,0.0000,0.0000,0.0500,0.0000
 11460,0.0000,0.0000,0.0000,0.0500,0.0000
 11461,0.0000,0.0000,0.0000,0.0500,0.0000
 11462,0.0000,0.0000,0.0000,0.0500,0.0000
 11463,0.0000,0.0000,0.0000,0.0500,0.0000
 11464,0.0000,0.0000,0.0000,0.0500,0.0000
 11465,0.0000,0.0000,0.0000,0.0500,0.0000
 11466,0.0000,0.0000,0.0000,0.0500,0.0000
 11467,0.0000,0.0000,0.0000,0.0500,0.0000
 11468,0.0000,0.0000,0.0000,0.0500,0.0000
 11469,0.0000,0.0000,0.0000,0.0500,0.0000
 11470,0.0000,0.0000,0.0000,0.0500,0.0000
 11471,0.0000,0.0000,0.0000,0.0500,0.0000
 11472,0.0000,0.0000,0.0000,0.0500,0.0000
 11473,0.0000,0.0000,0.0000,0.0500,0.0000
 11474,0.0000,0.0000,0.0000,0.0500,0.0000
 11475,0.0000,0.0000,0.0000,0.0000,0.0100
 11476,0.0000,0.0000,0.0000,0.0500,0.0000
 11477,0.0000,0.0000,0.0000,0.0000,0.0100
 11478,0.0000,0.0000,0.0000,0.0500,0.0000
 11479,0.0000,0.0000,0.0000,0.0500,0.0000
 11480,0.0000,0.0000,0.0000,0.0500,0.0000
 11481,0.0000,0.0000,0.0000,0.0500,0.0000
 11482,0.0000,0.0000,0.0000,0.0500,0.0000
 11483,0.0000,0.0000,0.0000,0.0500,0.0000
 11484,0.0000,0.0000,0.0000,0.0500,0.0000
 11485,0.0000,0.0000,0.0000,0.0000,0.0100
 11486,0.0000,0.0000,0.0000,0.0000,0.0101
 11487,0.0000,0.0000,0.0000,0.0000,0.0100
 11488,0.0000,0.0000,0.0000,0.0000,0.0100
 11489,0.0000,0.0000,0.0000,0.0000,0.0102
 11490,0.0000,0.0000,0.0000,0.0000,0.0316
 11491,0.0000,0.0000,0.0000,0.0000,44.4837
 11492,0.0000,0.0000,0.0000,0.0000,20.1751
 11493,0.0000,0.0000,0.0000,0.0000,0.0000
 11494,0.0000,0.0000,0.0000,0.0500,0.0000
 11495,0.0000,0.0000,0.0000,0.0500,0.0000
 11496,0.0000,0.0000,0.0000,0.0500,0.0000
 11497,0.0000,0.0000,0.0000,0.0500,0.0000
 11498,0.0000,0.0000,0.0000,0.0500,0.0000
 11499,0.0000,0.0000,0.0000,0.0500,0.0000
 11500,0.0000,0.0000,0.0000,0.0500,0.0000
 11501,0.0000,0.0000,0.0000,0.0500,0.0000
 11502,0.0000,0.0000,0.0000,0.0500,0.0000
 11503,0.0000,0.0000,0.0000,0.0500,0.0000
 11504,0.0000,0.0000,0.0000,0.0500,0.0000
 11505,0.0000,0.0000,0.0000,0.0500,0.0000
 11506,0.0000,0.0000,0.0000,0.0500,0.0000
 11507,0.0000,0.0000,0.0000,0.0500,0.0000
 11508,0.0000,0.0000,0.0000,0.0500,0.0000
 11509,0.0000,0.0000,0.0000,0.0500,0.0000
 11510,0.0000,0.0000,0.0000,0.0500,0.0000
 11511,0.0000,0.0000,0.0000,0.0500,0.0000
 11512,0.0000,0.0000,0.0000,0.0500,0.0000
 11513,0.0000,0.0000,0.0000,0.0500,0.0000
 11514,0.0000,0.0000,0.0000,0.0500,0.0000
 11515,0.0000,0.0000,0.0000,0.0500,0.0000
 11516,0.0000,0.0000,0.0000,0.0500,0.0000
 11517,0.0000,0.0000,0.0000,0.0500,0.0000
 11518,0.0000,0.0000,0.0000,0.0000,0.0100
 11519,0.0000,0.0000,0.0000,0.0000,0.0100
 11520,0.0000,0.0000,0.0000,0.0000,0.0100
 11521,0.0000,0.0000,0.0000,0.0500,0.0000
 11522,0.0000,0.0000,0.0000,0.0000,0.0100
 11523,0.0000,0.0000,0.0000,0.0000,0.0100
 11524,0.0000,0.0000,0.0000,0.0000,0.0100
 11525,0.0000,0.0000,0.0000,0.0500,0.0000
 11526,0.0000,0.0000,0.0000,0.0500,0.0000
 11527,0.0000,0.0000,0.0000,0.0500,0.0000
 11528,0.0000,0.0000,0.0000,0.0500,0.0000
 11529,0.0000,0.0000,0.0000,0.0000,0.0104
 11530,0.0000,0.0000,0.0000,0.0000,0.0102
 11531,0.0000,0.0000,0.0000,0.0000,0.0172
 11532,0.0000,0.0000,0.0000,0.0000,0.1172
 11533,0.0000,0.0000,0.0000,0.0000,0.0000
 11534,0.0000,0.0000,0.0000,0.0500,0.0000
 11535,0.0000,0.0000,0.0000,0.0500,0.0000
 11536,0.0000,0.0000,0.0000,0.0500,0.0000
 11537,0.0000,0.0000,0.0000,0.0500,0.0000
 11538,0.0000,0.0000,0.0000,0.0500,0.0000
 11539,0.0000,0.0000,0.0000,0.0500,0.0000
 11540,0.0000,0.0000,0.0000,0.0500,0.0000
 11541,0.0000,0.0000,0.0000,0.0500,0.0000
 11542,0.0000,0.0000,0.0000,0.0500,0.0000
 11543,0.0000,0.0000,0.0000,0.0500,0.0000
 11544,0.0000,0.0000,0.0000,0.0500,0.0000
 11545,0.0000,0.0000,0.0000,0.0500,0.0000
 11546,0.0000,0.0000,0.0000,0.0500,0.0000
 11547,0.0000,0.0000,0.0000,0.0500,0.0000
 11548,0.0000,0.0000,0.0000,0.0500,0.0000
 11549,0.0000,0.0000,0.0000,0.0500,0.0000
 11550,0.0000,0.0000,0.0000,0.0500,0.0000
 11551,0.0000,0.0000,0.0000,0.0500,0.0000
 11552,0.0000,0.0000,0.0000,0.0500,0.0000
 11553,0.0000,0.0000,0.0000,0.0500,0.0000
 11554,0.0000,0.0000,0.0000,0.0500,0.0000
 11555,0.0000,0.0000,0.0000,0.0500,0.0000
 11556,0.0000,0.0000,0.0000,0.0500,0.0000
 11557,0.0000,0.0000,0.0000,0.0500,0.0000
 11558,0.0000,0.0000,0.0000,0.0500,0.0000
 11559,0.0000,0.0000,0.0000,0.0000,0.0101
 11560,0.0000,0.0000,0.0000,0.0000,0.0100
 11561,0.0000,0.0000,0.0000,0.0000,0.0100
 11562,0.0000,0.0000,0.0000,0.0000,0.0100
 11563,0.0000,0.0000,0.0000,0.0000,0.0101
 11564,0.0000,0.0000,0.0000,0.0500,0.0000
 11565,0.0000,0.0000,0.0000,0.0500,0.0000
 11566,0.0000,0.0000,0.0000,0.0500,0.0000
 11567,0.0000,0.0000,0.0000,0.0000,0.0172
 11568,0.0000,0.0000,0.0000,0.0000,3.9508
 11569,0.0000,0.0000,0.0000,0.0000,0.0000
 11570,0.0000,0.0000,0.0000,0.0500,0.0000
 11571,0.0000,0.0000,0.0000,0.0500,0.0000
 11572,0.0000,0.0000,0.0000,0.0500,0.0000
 11573,0.0000,0.0000,0.0000,0.0500,0.0000
 11574,0.0000,0.0000,0.0000,0.0500,0.0000
 11575,0.0000,0.0000,0.0000,0.0500,0.0000
 11576,0.0000,0.0000,0.0000,0.0500,0.0000
 11577,0.0000,0.0000,0.0000,0.0500,0.0000
 11578,0.0000,0.0000,0.0000,0.0500,0.0000
 11579,0.0000,0.0000,0.0000,0.0500,0.0000
 11580,0.0000,0.0000,0.0000,0.0500,0.0000
 11581,0.0000,0.0000,0.0000,0.0500,0.0000
 11582,0.0000,0.0000,0.0000,0.0500,0.0000
 11583,0.0000,0.0000,0.0000,0.0500,0.0000
 11584,0.0000,0.0000,0.0000,0.0500,0.0000
 11585,0.0000,0.0000,0.0000,0.0500,0.0000
 11586,0.0000,0.0000,0.0000,0.0500,0.0000
 11587,0.0000,0.0000,0.0000,0.0500,0.0000
 11588,0.0000,0.0000,0.0000,0.0500,0.0000
 11589,0.0000,0.0000,0.0000,0.0500,0.0000
 11590,0.0000,0.0000,0.0000,0.0500,0.0000
 11591,0.0000,0.0000,0.0000,0.0500,0.0000
 11592,0.0000,0.0000,0.0000,0.0500,0.0000
 11593,0.0000,0.0000,0.0000,0.0000,0.0119
 11594,0.0000,0.0000,0.0000,0.0000,0.0100
 11595,0.0000,0.0000,0.0000,0.0000,0.0101
 11596,0.0000,0.0000,0.0000,0.0000,0.0100
 11597,0.0000,0.0000,0.0000,0.0000,0.0142
 11598,0.0000,0.0000,0.0000,0.0500,0.0000
 11599,0.0000,0.0000,0.0000,0.0000,0.0100
 11600,0.0000,0.0000,0.0000,0.0000,0.1112
 11601,0.0000,0.0000,0.0000,0.0500,0.0000
 11602,0.0000,0.0000,0.0000,0.0500,0.0000
 11603,0.0000,0.0000,0.0000,0.0500,0.0000
 11604,0.0000,0.0000,0.0000,0.0500,0.0000
 11605,0.0000,0.0000,0.0000,0.0500,0.0000
 11606,0.0000,0.0000,0.0000,0.0500,0.0000
 11607,0.0000,0.0000,0.0000,0.0500,0.0000
 11608,0.0000,0.0000,0.0000,0.0500,0.0000
 11609,0.0000,0.0000,0.0000,0.0500,0.0000
 11610,0.0000,0.0000,0.0000,0.0500,0.0000
 11611,0.0000,0.0000,0.0000,0.0500,0.0000
 11612,0.0000,0.0000,0.0000,0.0500,0.0000
 11613,0.0000,0.0000,0.0000,0.0500,0.0000
 11614,0.0000,0.0000,0.0000,0.0500,0.0000
 11615,0.0000,0.0000,0.0000,0.0500,0.0000
 11616,0.0000,0.0000,0.0000,0.0500,0.0000
 11617,0.0000,0.0000,0.0000,0.0500,0.0000
 11618,0.0000,0.0000,0.0000,0.0500,0.0000
 11619,0.0000,0.0000,0.0000,0.0500,0.0000
 11620,0.0000,0.0000,0.0000,0.0500,0.0000
 11621,0.0000,0.0000,0.0000,0.0500,0.0000
 11622,0.0000,0.0000,0.0000,0.0500,0.0000
 11623,0.0000,0.0000,0.0000,0.0000,0.0100
 11624,0.0000,0.0000,0.0000,0.0000,0.0130
 11625,0.0000,0.0000,0.0000,0.0000,0.0142
 11626,0.0000,0.0000,0.0000,0.0000,0.0000
 11627,0.0000,0.0000,0.0000,0.0000,0.0100
 11628,0.0000,0.0000,0.0000,0.0000,0.0100
 11629,0.0000,0.0000,0.0000,0.0000,0.0101
 11630,0.0000,0.0000,0.0000,0.0500,0.0000
 11631,0.0000,0.0000,0.0000,0.0500,0.0000
 11632,0.0000,0.0000,0.0000,0.0500,0.0000
 11633,0.0000,0.0000,0.0000,0.0500,0.0000
 11634,0.0000,0.0000,0.0000,0.0500,0.0000
 11635,0.0000,0.0000,0.0000,0.0500,0.0000
 11636,0.0000,0.0000,0.0000,0.0500,0.0000
 11637,0.0000,0.0000,0.0000,0.0500,0.0000
 11638,0.0000,0.0000,0.0000,0.0500,0.0000
 11639,0.0000,0.0000,0.0000,0.0500,0.0000
 11640,0.0000,0.0000,0.0000,0.0500,0.0000
 11641,0.0000,0.0000,0.0000,0.0500,0.0000
 11642,0.0000,0.0000,0.0000,0.0500,0.0000
 11643,0.0000,0.0000,0.0000,0.0500,0.0000
 11644,0.0000,0.0000,0.0000,0.0500,0.0000
 11645,0.0000,0.0000,0.0000,0.0500,0.0000
 11646,0.0000,0.0000,0.0000,0.0500,0.0000
 11647,0.0000,0.0000,0.0000,0.0500,0.0000
 11648,0.0000,0.0000,0.0000,0.0500,0.0000
 11649,0.0000,0.0000,0.0000,0.0000,0.0000
 11650,0.0000,0.0000,0.0000,0.0000,47.7172
 11651,0.0000,0.0000,0.0000,0.0000,41.8652
 11652,0.0000,0.0000,0.0000,0.0000,0.0100
 11653,0.0000,0.0000,0.0000,0.0000,0.0103
 11654,0.0000,0.0000,0.0000,0.0500,0.0000
 11655,0.0000,0.0000,0.0000,0.0000,0.0161
 11656,0.0000,0.0000,0.0000,0.0500,0.0000
 11657,0.0000,0.0000,0.0000,0.0500,0.0000
 11658,0.0000,0.0000,0.0000,0.0500,0.0000
 11659,0.0000,0.0000,0.0000,0.0500,0.0000
 11660,0.0000,0.0000,0.0000,0.0500,0.0000
 11661,0.0000,0.0000,0.0000,0.0500,0.0000
 11662,0.0000,0.0000,0.0000,0.0500,0.0000
 11663,0.0000,0.0000,0.0000,0.0500,0.0000
 11664,0.0000,0.0000,0.0000,0.0500,0.0000
 11665,0.0000,0.0000,0.0000,0.0500,0.0000
 11666,0.0000,0.0000,0.0000,0.0500,0.0000
 11667,0.0000,0.0000,0.0000,0.0500,0.0000
 11668,0.0000,0.0000,0.0000,0.0500,0.0000
 11669,0.0000,0.0000,0.0000,0.0500,0.0000
 11670,0.0000,0.0000,0.0000,0.0500,0.0000
 11671,0.0000,0.0000,0.0000,0.0500,0.0000
 11672,0.0000,0.0000,0.0000,0.0000,36.2444
 11673,0.0000,0.0000,0.0000,0.0000,0.0100
 11674,0.0000,0.0000,0.0000,0.0000,0.0102
 11675,0.0000,0.0000,0.0000,0.0500,0.0000
 11676,0.0000,0.0000,0.0000,0.0000,0.0144
 11677,0.0000,0.0000,0.0000,0.0500,0.0000
 11678,0.0000,0.0000,0.0000,0.0000,0.0000
 11679,0.0000,0.0000,0.0000,0.0500,0.0000
 11680,0.0000,0.0000,0.0000,0.0500,0.0000
 11681,0.0000,0.0000,0.0000,0.0500,0.0000
 11682,0.0000,0.0000,0.0000,0.0500,0.0000
 11683,0.0000,0.0000,0.0000,0.0500,0.0000
 11684,0.0000,0.0000,0.0000,0.0500,0.0000
 11685,0.0000,0.0000,0.0000,0.0500,0.0000
 11686,0.0000,0.0000,0.0000,0.0000,0.0100
 11687,0.0000,0.0000,0.0000,0.0000,0.0102
 11688,0.0000,0.0000,0.0000,0.0500,0.0000
 11689,0.0000,0.0000,0.0000,0.0000,0.0133
 11690,0.0000,0.0000,0.0000,0.0500,0.0000
 11691,0.0000,0.0000,0.0000,0.0100,0.0000
 11692,0.0000,0.0000,0.0000,0.0500,0.0000
 11693,0.0000,0.0000,0.0000,0.0500,0.0000
 11694,0.0000,0.0000,0.0000,0.0500,0.0000
